-3.9088013408537229e-05 0.00013173185056556441 -2.2116138041959186e-07 -0.00026872856445199147 -3.4866846528218828e-05 0 1000
0.80981017668532973 -5.3395066394703568 -0.01206997512949654 13.453127289615521 2.0404072221799461 0 0.001953125
-6.291472767575975 2.5425164324200957 0.021763669074112743 -4.5485311214962065 -11.255251748842589 0 0.001953125
4.4617211312232437 -5.4909928145108831 0.036981641605475332 9.2263412869670045 7.496957994658846 0 0.001953125
-2.0009658988323964 -5.8283222044103438 0.04485903020362856 12.048153371914681 -4.1362965706455599 0 0.001953125
5.7825692576013354 3.8864466259856139 0.032869975626267207 -6.6828928686576434 9.9433174285186059 0 0.001953125
8.878213453742541 -1.3704791936806104 -0.0027435757021350119 1.6094484681460384 10.427049528139277 0 0.001953125
0.35725771458238131 -5.0962937077943753 0.0088177829142781581 13.955866274160684 0.97839255686876414 0 0.001953125
2.0959494693505629 -9.0907889479513884 0.019170350633225672 10.088186446462942 2.3259436949637164 0 0.001953125
6.5478709028803612 6.8093884107579941 0.0030292275711061296 -7.4163512367826483 7.1314103170712659 0 0.001953125
-6.9240133881809998 2.2313192811132501 0.0032688835364081898 -3.5962803815057653 -11.159424975623725 0 0.001953125
-4.1589707690385076 4.3846789949227007 0.02059360713552413 -9.3331229754796716 -8.8526485742624512 0 0.001953125
7.4996941540316042 -3.7169951013427909 -0.001482287312028725 4.853608991242452 9.7932247451167562 0 0.001953125
-3.6053302272599401 -4.579968429842137 -0.018232394570721958 10.291672732514636 -8.1014833167335034 0 0.001953125
3.1943201419056191 -6.4933281464500663 -0.010362047807276883 10.547686090271178 5.1888717351504248 0 0.001953125
-9.2273306156445543 3.4263949487793806 0.015847538281963138 -3.5088894451551274 -9.4491239070307085 0 0.001953125
1.4227979570665106 9.8811929191381456 7.4611118618473721e-05 -9.9065842639273978 1.4264387129445821 0 0.001953125
-8.5751294270408049 -3.0618435340705963 0.0085050282603280278 3.5238724718342063 -9.8694252232103761 0 0.001953125
6.3999902011989738 2.7133840867341119 0.016751759893674327 -4.6816935479126931 11.042526620347124 0 0.001953125
4.1010502151522639 -7.7300652394378773 -0.0093712577338206596 9.4430385309299147 5.009908156890428 0 0.001953125
-5.9745150983569868 -6.496876334415786 0.018905982929364733 7.8346724188840566 -7.2048385934925232 0 0.001953125
0.37353013902385646 -7.3448375104189019 0.0094708439250794415 11.645311049111934 0.59226580759484826 0 0.001953125
-5.2189691717917652 6.7698744429582183 -0.030870548334167389 -8.5663263982597844 -6.6037800872374293 0 0.001953125
4.9939302351529742 -0.92983803779188023 0.036057398618275692 2.5683004668005851 13.793269157449883 0 0.001953125
4.9930979934570665 -3.9682314673554511 -0.012518839755303324 7.7904569417245551 9.8025359370725873 0 0.001953125
1.4233452504510193 -7.8964244635778433 -0.041377604741010016 10.986355419967147 1.9803459926816356 0 0.001953125
2.0812781743818727 5.7402942968505846 -0.026126313901037982 -12.031276122635925 4.3622707455357483 0 0.001953125
-5.9858265231547838 1.2703143455103698 -0.025526350178338472 -2.6538633268947298 -12.50520777177074 0 0.001953125
9.0135017778806183 2.5455006344118756 0.0013041118050579172 -2.8083831750492045 9.943928184649911 0 0.001953125
5.6345585253331389 8.2120916037045308 -0.0068464838000363492 -8.262761415601096 5.6692355997856163 0 0.001953125
-3.3351286694948286 -7.4547247111419956 -0.008421020352395241 10.100493620648292 -4.5188270841727745 0 0.001953125
-0.30858737537374376 -9.3719026135034618 0.015492327975681555 10.320896570540832 -0.33983066349558116 0 0.001953125
9.7567081498666699 -2.0197712758678472 0.0084966628684371749 2.030694933637867 9.8101387037201366 0 0.001953125
-2.7370963752188366 5.303735134181264 0.0079009756047267368 -11.502968013767878 -5.9362907503960196 0 0.001953125
-5.2572132454412408 5.5661483391334867 0.010245490271836898 -8.3086551715902672 -7.8474125482295189 0 0.001953125
-7.2440046386483052 1.4029563072550759 0.015403145538675538 -2.213591301079548 -11.429284645364781 0 0.001953125
2.0668984692421959 5.1703798311075158 -0.052699054705816498 -12.44389834922336 4.9746210718529378 0 0.001953125
6.1887941719212511 6.5840595747367843 -0.0091111774679919488 -7.6653589429522846 7.2050813481585809 0 0.001953125
-7.4969154371625688 1.1535059359848625 -0.054505472773617267 -1.7462025834081183 -11.348520186388352 0 0.001953125
1.1216898119253629 7.6774518592988308 0.00090127700856446578 -11.233707284676706 1.6412764846270711 0 0.001953125
-2.9087673746574145 -5.2762091205271542 -0.0001160454669890526 11.281963655826566 -6.2196763553566266 0 0.001953125
-5.7325210296830358 2.3893051675280015 0.026138085708361587 -4.881858741948407 -11.712715989313358 0 0.001953125
4.7882106743421087 -8.372767161305763 0.029690638656647599 8.8386161322845513 5.0547005210417639 0 0.001953125
-1.6369162045902039 -5.0663576817669291 0.0050691550449287644 13.0404909979239 -4.2132324947132425 0 0.001953125
-2.4887252204769119 6.0226198144341936 -0.012509248096302916 -11.449011776857965 -4.7310243960450462 0 0.001953125
3.3842178068821305 -5.9539639209704092 0.012128806652263027 10.504887013085549 5.9710055435953704 0 0.001953125
2.6511713588047181 -7.3982396326323911 -0.013198162094488259 10.618597637247262 3.8052417346441492 0 0.001953125
-6.3149521965708981 5.3950608701691092 -3.5037447464142064e-05 -7.1275757293320794 -8.3427439653183875 0 0.001953125
-1.8779529107008517 7.6467118735452448 0.024653186762638776 -10.944580592371588 -2.6878343991863067 0 0.001953125
-2.3027760684614456 -5.0994812427430176 -0.013944504811116009 12.183588431509692 -5.5016716747329708 0 0.001953125
4.2010547240230149 5.0623318302907476 0.020141744819682103 -9.48790540647515 7.873705989565301 0 0.001953125
2.9083798650536461 8.9337887686206106 0.016934813055927138 -9.8103175671945095 3.1937000006720404 0 0.001953125
8.5242463152948371 0.39473393512672844 -0.023870016589650961 -0.50084873709531841 10.813606882946885 0 0.001953125
1.9736695980598431 -8.3539482763005157 0.024347132044054604 10.50379470076167 2.4816221449725071 0 0.001953125
-4.4232513238401747 -7.4631408524909721 0.017463937472907205 9.235684324581376 -5.4738508225852671 0 0.001953125
-2.5207135637870222 -8.7098583149375539 0.0025479260229360162 10.08742705753175 -2.9194179144492569 0 0.001953125
1.0396208551070636 -5.3175033940093588 -0.019058307612071727 13.332419900335914 2.6066619022034088 0 0.001953125
-7.0053610015196224 1.8497516274225123 -0.021480371625769674 -2.9993459574918284 -11.358855931866376 0 0.001953125
-7.3480284030562366 -3.386844894971992 -0.01344178558395598 4.6535078676155823 -10.096325591889899 0 0.001953125
4.531486913826317 5.4636020888626655 0.013564640420918582 -9.1360353229080022 7.5773767715039897 0 0.001953125
7.0683652393808361 6.1947726222503716 -0.02389085034641537 -6.7987463806549346 7.7573783078545446 0 0.001953125
-3.8371967128706159 -6.8166974068360746 0.010937585054116329 9.8524095063835357 -5.5460561393966046 0 0.001953125
-8.9415762379422237 1.6420764952017326 -0.031044109383340238 -1.894514704897033 -10.315528509831211 0 0.001953125
-8.6477454480245797 -3.7573060224056523 -0.0051019357723516437 4.1037538804161224 -9.4454028911363253 0 0.001953125
0.74603161616112734 -7.8930767236594539 0.002740972702969796 11.180560833297141 1.0567837173187558 0 0.001953125
-6.3977234961427207 -7.2307777893874343 0.061128032465092505 7.6217887732007172 -6.7437948729265527 0 0.001953125
-7.8423336794880951 -2.7444467568796123 -0.034433112549389605 3.6236220071670306 -10.354855774180466 0 0.001953125
-8.7773891383030112 -3.4245870167783266 0.03680014300087292 3.7444713463397412 -9.5975805041170581 0 0.001953125
-2.3641015544638337 6.7050193762548069 0.0037458391883015813 -11.185236188266824 -3.9437194089759773 0 0.001953125
7.7524000252936149 1.5203158273892612 0.010279076789018659 -2.1652135011933282 11.040471728856414 0 0.001953125
-7.4250845347650785 3.1185493095677659 0.0029584766733246931 -4.3151664351260974 -10.273935257299698 0 0.001953125
1.2652913754407602 5.5923063992281996 0.011117949293500407 -12.881059226921176 2.9144764959726666 0 0.001953125
-6.2185921713656738 4.0276664060831271 -0.0038423487704308634 -6.3157791823620899 -9.7512450194668094 0 0.001953125
5.8589175064679333 -7.7117391867631087 0.03635103337505604 8.0907853492530268 6.1469993802017422 0 0.001953125
0.85662079376247346 8.460542589150073 -0.011411999766998479 -10.789238820165805 1.0924035500396303 0 0.001953125
5.7790157602496697 2.2172286497906843 0.028305643143100773 -4.5529968039718103 11.86704457569363 0 0.001953125
-1.391095687937874 6.9628276326153671 -0.016109399166705993 -11.637786570241781 -2.3250604361272127 0 0.001953125
-1.6972818353961763 6.0407933496834234 -0.0015065173214125936 -12.153878012920417 -3.4148305494090918 0 0.001953125
-2.7242435246382319 -4.4090002771016019 -0.026799284968635904 11.816472022851489 -7.3010677041697436 0 0.001953125
-9.1065231143442738 -3.410364282805193 0.011375371847307579 3.5563488833442607 -9.4966832521350995 0 0.001953125
1.6183185197912457 -7.4829470645090019 0.036127927761782926 11.170124568337835 2.415774383085 0 0.001953125
-3.5548789257859847 -5.952031249733861 -0.0019341256569017716 10.310700956028599 -6.1581064643920129 0 0.001953125
-6.954926848832188 4.6385932872850146 -0.0049223636289781585 -6.0687559381688887 -9.0990964665518934 0 0.001953125
1.9787786149290503 -4.650982620699553 -0.027865645238078593 12.942488011247487 5.506464053691829 0 0.001953125
3.3743631216060739 5.8708274080695428 -0.005732537500188122 -10.536139699086883 6.05585156365128 0 0.001953125
8.7266639225492959 1.2539915696525381 -0.039820077654418612 -1.5149325402618079 10.541830218090722 0 0.001953125
7.1894042511146043 4.5657245141366261 -0.022822170829351104 -5.8091813721026391 9.1472654518978072 0 0.001953125
-1.716204873438048 -9.7820061256235356 0.0056694299913479665 9.8831614449200273 -1.7339712469608155 0 0.001953125
-8.2159267902316682 2.006625561617323 0.03297510878215449 -2.5800582930066418 -10.563367303944233 0 0.001953125
4.1257336056139531 6.6176040742633981 0.070230050369357158 -9.6095961109038424 5.9910593858762633 0 0.001953125
-9.0611595509980241 -0.059350989019130003 -0.014664848288152937 0.068692080245240275 -10.504971203203976 0 0.001953125
5.5469387600378086 7.8729093325791091 0.035882282754755586 -8.3302222497791387 5.8690586095395201 0 0.001953125
-2.9422977061174018 -8.3900595787256798 0.0060935908486607782 10.007442408742651 -3.5095227022573772 0 0.001953125
-9.3021595763120981 3.2729586731013902 -0.0037814123300398167 -3.3424897729811165 -9.49938922067291 0 0.001953125
-6.7072647875586036 6.2181307042470513 0.010814640131773386 -7.1090985764645112 -7.6681812369564355 0 0.001953125
-3.0173880585554747 8.9948920432548238 0.0015476909306185601 -9.7337833551514237 -3.2652036230446795 0 0.001953125
-3.9580545332907611 -4.2297523178272387 0.0027596719789250435 9.5932829033696052 -8.9769772814153317 0 0.001953125
-5.7769578016764296 6.8234903550114527 -0.010208550232047151 -8.0718770790532002 -6.8337699677720165 0 0.001953125
6.4900959148513904 3.9857057318086371 -0.034952962656351685 -5.9965262816748748 9.764310502739832 0 0.001953125
6.0132156690637446 5.5068142546890337 -0.038590851224432461 -7.4794864394636855 8.1672130710458557 0 0.001953125
8.3601996300605954 -2.0404782965461155 0.016330900920650253 2.555847967737785 10.472199158746154 0 0.001953125
8.2995495966284594 -5.3713635365716614 -0.0069177234135232545 5.4642572889149772 8.4432972102056443 0 0.001953125
-3.0896799078106221 -9.4496024290671183 -0.014902443652784586 9.5322498599343 -3.116742495333011 0 0.001953125
-0.67972540263638981 6.7938895230370546 0.00021241950669841959 -12.042256898540886 -1.2047841104246391 0 0.001953125
8.7787428572718103 -1.721640571614085 0.019873085161510269 2.0345621611515901 10.37493552871751 0 0.001953125
1.6194390741713967 -8.867001729835442 0.0045088774142795357 10.361146161624246 1.8923563119377014 0 0.001953125
-1.4748250880912126 -6.9864247055120616 -0.016401594577404605 11.578603134681634 -2.4442086559952667 0 0.001953125
-5.5619185001605294 1.8319970433706456 0.030657102729843323 -4.088278367435227 -12.411982679880447 0 0.001953125
-0.73804484687510152 5.2466896054774219 0.039479416413160384 -13.604567395589687 -1.9136801564578216 0 0.001953125
7.5035390856632587 5.196000201722712 0.012363695221690915 -5.9592217450644247 8.6055466739183366 0 0.001953125
6.4308097677300484 -4.5133662055424502 0.024341366622221833 6.4808835219778516 9.234335263025061 0 0.001953125
-9.5641830247597479 2.7282562651733611 0.031048778758964859 -2.7507872206131219 -9.6426865996819817 0 0.001953125
2.2815242902264368 7.3938775866658881 0.028252261748732421 -10.862999796040837 3.3519885699722085 0 0.001953125
-3.4152715563516516 9.3103390666925936 0.015352258266435171 -9.4277977238273678 -3.4583040506410732 0 0.001953125
-6.5675746738363863 -3.5685762267113752 0.014958455015491652 5.522224181350567 -10.163144073164752 0 0.001953125
4.0823611447793722 8.2378601585038371 0.012991293172282146 -9.3449086098741478 4.6309213933032076 0 0.001953125
3.4770239767753317 -4.3897974095900265 -0.027433663025056513 10.474786051825971 8.2967792513380623 0 0.001953125
0.43679800973831556 -8.1527083628869814 0.017517857760109223 11.05094057598293 0.59209967070700575 0 0.001953125
-1.7597553869370062 -9.0584488728154842 -0.033895570439544269 10.218603800210232 -1.9851490177593956 0 0.001953125
-8.8427303397149437 4.0200118878468603 -0.019865207539506796 -4.1992722058591809 -9.2367508567877596 0 0.001953125
-6.4876725006956146 -6.6785166717530249 0.032588905533821773 7.4332819130097647 -7.2209796752483015 0 0.001953125
-4.5512730666113121 -2.6567600258512725 0.021005282905974518 6.9444453022405268 -11.896273536345323 0 0.001953125
-4.2829416218863878 -5.8828455316912107 0.037184736080766147 9.4769035992027533 -6.8995695001162884 0 0.001953125
4.6168195390477882 2.7088217918739432 -0.0067920807535627259 -6.9167336469884289 11.788815101139937 0 0.001953125
-4.974115490965219 2.9078345659087192 -0.028806442193299611 -6.6488669947034449 -11.373492759774688 0 0.001953125
8.4019214144774441 2.248460414371197 -0.0060111510881389902 -2.7720587434825039 10.35809044089584 0 0.001953125
-8.8534292991785719 0.33456631771489359 0.0025505612696339356 -0.40130224005809478 -10.616479203280569 0 0.001953125
-4.3828272179663044 7.9888875432592457 0.0019744967471198227 -9.1847582060355712 -5.0388259391749317 0 0.001953125
5.8339482459237342 7.4750118574201867 0.028341790807537123 -8.0958779091178599 6.3184184897890354 0 0.001953125
7.1423036611664168 5.4263919715531026 -0.0090319817864665582 -6.3876768305611078 8.4074236640862221 0 0.001953125
-7.8596344058272178 -4.8260604367432851 0.0088006406336926871 5.4483759180903277 -8.8733122783749501 0 0.001953125
2.5620831251508904 4.702025818445458 -0.024715899897245572 -12.000003480322075 6.5387740457598262 0 0.001953125
5.8170036160366223 -2.9582716318501481 0.011257710789714907 5.611148434827923 11.033569837030132 0 0.001953125
-7.3899043186030715 -4.1268798839394156 7.7492593260499045e-05 5.2994959041565179 -9.4898425135731834 0 0.001953125
-5.4049032212431447 7.7555712131558332 -0.018745554618493358 -8.4384680543764485 -5.8807229948452688 0 0.001953125
-4.2344952125021722 -2.7214286110876609 -0.0058959552157517399 7.6203438667283301 -11.856891085458093 0 0.001953125
7.8930272662034344 1.1388609299728734 -0.0046046148242609606 -1.5992372280412015 11.083166025414215 0 0.001953125
8.4126182324554346 -2.241241008389609 -0.006754099394807824 2.7588809873957132 10.356020883949546 0 0.001953125
-5.185151725705075 0.57905626846666503 0.044283309895311672 -1.5364573289084484 -13.758841795431664 0 0.001953125
1.5160025793250287 -7.2664551202690584 -0.0024613712190774107 11.361725175348282 2.3704392681116886 0 0.001953125
8.3325113917867419 4.7689071098023836 -0.006097623915813863 -5.0696390437036776 8.8577495125553725 0 0.001953125
-8.6511983198825764 0.72704617594579024 -0.052436495101633965 -0.89889380151508969 -10.694757827706571 0 0.001953125
-6.5329205063983649 0.38201865931124801 -0.022355404960867357 -0.72164766562721738 -12.340554310358588 0 0.001953125
8.7211799917744717 -3.5913752617020438 -0.006577056772789241 3.9206185156528544 9.5210148499856597 0 0.001953125
-6.4348494768694193 -3.1136396173631691 -0.017146538065796493 5.1514657528835563 -10.646428209190137 0 0.001953125
-9.3034898444870588 1.5643102247580591 0.034542468673064507 -1.7072911645420907 -10.153095559935139 0 0.001953125
-0.73314573031218089 6.8472719001935012 -0.0041236655462858849 -11.98228743871227 -1.2829204641313516 0 0.001953125
-4.081430217124824 7.253838733615031 0.032210885071575893 -9.5530611544979198 -5.3750358499250526 0 0.001953125
-7.3384077729073107 -0.95843497196096206 0.0015423946898787812 1.5053322948834735 -11.526259759159126 0 0.001953125
-6.2622792760774662 2.5292079730156001 0.00093047474915899638 -4.55697037762011 -11.282873923762114 0 0.001953125
9.4770429304395609 1.2950192089718644 -0.0022201323541929437 -1.3844530213567106 10.130596792832209 0 0.001953125
2.8827708837770589 -5.5459419074015575 9.4685129156058724e-05 11.222594984660395 5.8335305578081593 0 0.001953125
4.4498055478598424 -3.3998318060822008 0.042969653914866068 8.1126856776524221 10.618133899615787 0 0.001953125
4.5275990136727859 5.490579219176527 -0.057990489330160877 -9.1457343713898496 7.5416744014239008 0 0.001953125
-8.371453009871864 -2.9566173312307131 -0.05003886477234739 3.5341936153390083 -10.00712259758661 0 0.001953125
7.179471251408299 5.8321126761230984 -0.013579491937783267 -6.5560054233775231 8.0704612189063312 0 0.001953125
-4.6915508885003971 -8.825709292148149 0.00036297588705880247 8.8317895074672634 -4.6948515221954663 0 0.001953125
-1.340052347740154 6.7404224332664811 0.01725238945771989 -11.831556988708657 -2.3521712732054092 0 0.001953125
-4.018108863846563 -6.2808523957668791 0.011826958789306461 9.7551241581286092 -6.2407526449804447 0 0.001953125
-0.8553952063064415 -5.8760882915250603 -0.0096063689833946753 12.841294107920504 -1.8692823247254047 0 0.001953125
0.96474210555179019 -8.1964890334569542 0.025475871169663638 10.931714858027535 1.2867115222688257 0 0.001953125
7.7877135349819566 6.258678837828727 0.025754663917437855 -6.2673298673276561 7.7983120969808564 0 0.001953125
7.6090031826858864 -4.4347923353416476 0.0046012246204087193 5.3654838590118521 9.2060389315783695 0 0.001953125
1.0347484540435792 8.2808429195328479 0.024066218150790613 -10.86245361647868 1.3573429412640983 0 0.001953125
7.1745767432571608 1.718436024697521 0.0068159104244228013 -2.7119135413540825 11.322179646386958 0 0.001953125
-9.1081266126602358 -3.2694475476270659 -0.014037296830952511 3.4342719424787682 -9.5676563755743178 0 0.001953125
-5.4350809522763814 5.7210638799786206 0.017445199813619697 -8.1616209557635777 -7.7535424903091217 0 0.001953125
2.8463495932388829 -5.193671303856358 0.0027651069030865233 11.394620687923476 6.2447695734123752 0 0.001953125
2.5907166040925311 -6.7594074302340568 3.3275007481753636e-05 10.974492946812928 4.2063060682685558 0 0.001953125
-2.2440651969210132 5.0003164270516862 0.036823618143358945 -12.323763050937439 -5.5306791726299744 0 0.001953125
6.0607882172637462 -1.8477860699646247 -0.061272024374882585 3.6634995363952005 12.016444826494361 0 0.001953125
-1.30465647935796 4.9623018253877422 -0.035442325415369659 -13.501968631308436 -3.5498028461377591 0 0.001953125
-7.6465760497913706 -0.72544819460530796 -0.029676981820739676 1.0776007146553017 -11.359181167667073 0 0.001953125
-0.31929223055380451 8.5141552990227201 -0.0090817373506005602 -10.826395870317826 -0.4059857177313122 0 0.001953125
6.556168736018579 -2.7860975563667267 -0.006365425405531173 4.6337408276044156 10.904139400961947 0 0.001953125
3.8431507867858548 6.4622153315215121 -0.037683362355706608 -9.9124424674994405 5.8950243912333118 0 0.001953125
9.4564063975664308 2.7417251082650651 -0.024629171969151081 -2.8064912120623924 9.6793326731758089 0 0.001953125
-8.2822430633943629 3.578166308025394 -0.021521263124469676 -4.1755496069727522 -9.6647061139461954 0 0.001953125
8.0878466366702479 -0.3876211215620613 0.06143538114051688 0.53190410774015529 11.100213778473394 0 0.001953125
5.2905822604491428 -4.2835455879973248 0.045043327532298248 7.6265414857815275 9.4195740177283476 0 0.001953125
-0.084052564894371906 -9.6054760908578452 -0.010293956603496652 10.202340346121265 -0.089269892619205482 0 0.001953125
5.0515654841102933 -4.1367239597282905 -0.0090898034190503921 7.8405852653879506 9.5746026932292896 0 0.001953125
5.5113068454690994 -4.3617223223603965 -0.028730321091087776 7.4020645408380412 9.3530564689853506 0 0.001953125
-9.5853260167051051 -1.1409798211420497 -0.04770348149201209 1.2029238933163184 -10.106800047662007 0 0.001953125
-3.2379793346092587 7.364328708157978 -0.0029222258215935207 -10.206522772289754 -4.4875901076258824 0 0.001953125
1.2382692036454055 -8.8959594761551894 -0.024946520742481066 10.45049525185399 1.4546790505957015 0 0.001953125
-4.3871937237986991 -7.0750879653736893 -0.0021214844529306642 9.314253520390869 -5.7757211654163667 0 0.001953125
-6.0316090608009905 6.1343068466544581 -0.040005367387467357 -7.6879553130011011 -7.559131028119455 0 0.001953125
5.7103875685578585 3.853023407401829 -0.019049582619136866 -6.7390470713048298 9.98760629246636 0 0.001953125
-0.13246143980384112 -6.5638128857361799 0.0037154562211903519 12.338788608675019 -0.24896551551415458 0 0.001953125
-0.54856477276016535 6.9919873947502946 0.0091550187832180156 -11.904532574994473 -0.93394923702118238 0 0.001953125
5.5836257778901528 -2.3409799638040547 0.010436577807169944 4.9689826057547819 11.851870421048844 0 0.001953125
0.5396053706561309 9.5018348031445647 -0.033012445765306354 -10.234350318091444 0.58120466231169776 0 0.001953125
4.8757297088161202 4.7404269371750285 0.021366922092008623 -8.4533376049409927 8.694615503998147 0 0.001953125
3.9966619606502518 -7.1509580668227546 -0.02000551357642668 9.644050741664028 5.3901172394045398 0 0.001953125
5.245339870311204 7.5422853678598756 0.015821226703802239 -8.5656046231181904 5.9569417263864812 0 0.001953125
3.9353729477833923 8.2644732247757098 -0.00026618807683524833 -9.4370733710151651 4.4936945611007753 0 0.001953125
-6.1721924517131894 -4.4477320530223414 -0.034409908638329115 6.7025679193630916 -9.3013394399626943 0 0.001953125
5.4947369630873109 -5.5249686556767426 -0.0079051637759101189 8.0320876762171789 7.9882362072021582 0 0.001953125
3.2958221584157545 9.4203190874403298 0.0091338723902137705 -9.4486002641632574 3.3056732444806336 0 0.001953125
-3.2171418924017545 8.0775731782136084 0.015323913350484558 -9.9635664217006088 -3.968241032423435 0 0.001953125
1.5898071978300612 -9.1415460146700873 -0.0035249185974908855 10.227479742993781 1.778692011404774 0 0.001953125
9.4771534176898697 -1.6952649477745896 0.038294251103645906 1.7944228394082717 10.032211676069021 0 0.001953125
-9.1688675005332421 -0.042567904792805998 0.025187548113283553 0.048365809744041748 -10.443255740060303 0 0.001953125
3.8561278596579749 4.9009915893862139 -0.0064165740713742403 -9.9521102410181808 7.8304200786831855 0 0.001953125
8.1638539091826541 0.7168298277396058 0.018752824142043194 -0.96629222821469429 11.003918581834663 0 0.001953125
0.72827892286875062 5.6668428303287222 0.048344615968324255 -13.12208321539153 1.6864555259277167 0 0.001953125
5.8152644415719275 6.3366453119742774 0.049011893858195259 -7.9446594532761505 7.2908898408251277 0 0.001953125
-4.3163361958491642 -8.8328058537420375 -0.030700218181942858 9.0611949044455695 -4.4280033533119516 0 0.001953125
5.7436527530966242 5.5196343232870788 -0.023163548940309187 -7.7636155894230692 8.0786409351365069 0 0.001953125
-7.5751346583957631 -0.3013049358860625 0.037122748506965855 0.45639473902778022 -11.475975854675536 0 0.001953125
-1.8053883279070473 -4.9424304051769186 -0.026457247432321352 12.948435624471637 -4.7297545776482464 0 0.001953125
-8.5964090702616058 -4.8046067941249815 -0.033063749493672391 4.9161221564990676 -8.7961670178208919 0 0.001953125
1.7753892709538017 5.4382431183465156 -0.012155074428856593 -12.568737559336851 4.1033044002307273 0 0.001953125
1.7675290088008617 -4.9955298880940742 0.010505446575484224 12.950028486791831 4.5820473363872676 0 0.001953125
-1.4215866558269348 -6.4368084088773134 -0.0025601388266578294 12.026437079749691 -2.6560381878102262 0 0.001953125
-0.37830720879607188 -5.4562128112183768 -0.016264311671520225 13.488833414022388 -0.93518426554117184 0 0.001953125
5.2266560008492711 5.640654458419526 -0.016855532704493147 -8.3647709096174037 7.75078976232468 0 0.001953125
5.687851556297753 5.5996393095435364 -0.01780864777169814 -7.8527976954871654 7.9764390329430768 0 0.001953125
6.2515097309121925 -3.059424370222696 -0.021987961877853988 5.2688036632761808 10.766188137112639 0 0.001953125
-4.2948219951982782 3.2214476078970509 0.05704060077052113 -8.1893522050976237 -10.918037662551619 0 0.001953125
-1.81784772401858 5.4833424137008464 0.0074375556182584542 -12.488864372414126 -4.1402874178037479 0 0.001953125
-7.3185982487740047 0.52598357380965177 0.022168755198738045 -0.8369216452326258 -11.64417753039042 0 0.001953125
-2.8292261897169841 -4.6404861317042796 -0.012227157864353513 11.581304737621929 -7.0608270353417071 0 0.001953125
8.4559549889970977 -2.4206932494949918 -0.0046491380910316411 2.9343829097523448 10.250766848650876 0 0.001953125
-1.4451454043937217 6.1999872421603524 -0.017839070695639295 -12.206278217145881 -2.8450981720179254 0 0.001953125
6.1470576239941161 -3.1412962351732179 -0.066292929534360473 5.4767030545723756 10.717217157803663 0 0.001953125
7.2964746683995125 1.1491836413978767 -0.034450453082577076 -1.8102949766644469 11.493685572583541 0 0.001953125
-7.0532099190516648 -2.5490845611260027 -0.045265688160890286 3.9247094301854561 -10.859663191845451 0 0.001953125
-3.3389681552297827 -3.7383312891926592 -0.056244815610170605 10.534236540489722 -9.4087051288232448 0 0.001953125
4.5467967541179792 3.5682631265180427 -0.029884195518832993 -8.1206350706066743 10.347670598937132 0 0.001953125
6.0216704430927992 7.310833244260337 0.033123670823160353 -7.9314268337109954 6.5327349738316896 0 0.001953125
-4.3761718494338249 2.4377415740558397 -0.0011111253539892801 -6.8757217109507325 -12.343230453309285 0 0.001953125
7.7661579628195598 -1.6728103034868627 0.032263872896648935 2.3623412002272404 10.967765495435531 0 0.001953125
-6.4683053162583484 -4.4579152047110693 0.010274343261141464 6.4024124398466205 -9.2898083845284276 0 0.001953125
6.4529287158478148 -2.8879937152393467 0.019563749481498562 4.8582381198772833 10.855375966995185 0 0.001953125
2.5365733304709845 -7.1353517100315944 -0.022522646043994801 10.827120601871293 3.8490232185723046 0 0.001953125
-8.9489677138378436 1.8603096169986051 0.013098552693436351 -2.1289864979968947 -10.240852981754434 0 0.001953125
2.0337591997585966 -9.1625066704207683 0.018217634690478227 10.076541584287968 2.2366789115125756 0 0.001953125
6.630890394920308 0.74639907570540287 -0.014416403467222743 -1.3693531236271286 12.164911321139783 0 0.001953125
5.4277895389559871 4.4414670568211152 0.013988288104023741 -7.5620585225458727 9.2413522637614332 0 0.001953125
3.1451689162094927 -5.7699532404264575 0.014154472802990405 10.830775834801761 5.9038449232202517 0 0.001953125
2.2642468588673719 -7.4740079639330297 -0.013739036689632491 10.829430813272392 3.2808158369951173 0 0.001953125
0.95046391181252476 8.6800465281911876 -0.028069431968155298 -10.638217361476768 1.1648846427136605 0 0.001953125
-6.3690426237094151 -1.2467682729807426 -0.029603429458837229 2.384631747256559 -12.181797240680243 0 0.001953125
-5.5486621099787294 -4.3608272468869567 0.0021624173866561249 7.3554225897464196 -9.3589759599052833 0 0.001953125
6.5628393148117707 -7.1906591418237005 0.0081750255583524518 7.4855916107273375 6.8321470183430204 0 0.001953125
-4.2675714021874986 -3.2295531886953674 -0.019813366922828285 8.2486149310504331 -10.899667010318494 0 0.001953125
-6.5819869280697185 4.0294844123372888 0.00066441237177204649 -5.943594616815985 -9.7084580541170489 0 0.001953125
-6.2275315135383194 6.2918080752258509 0.014263204742081715 -7.5540673941909668 -7.4767741977977416 0 0.001953125
-5.3822016009418139 2.7050120529070725 0.015454546705252103 -5.7859917397623919 -11.512448654120437 0 0.001953125
-3.088192189594162 -4.360643648928443 0.038796781841681796 11.163729468562202 -7.905999436922551 0 0.001953125
4.0020278511749714 -4.398602527813817 0.031924299643570665 9.5913097460763375 8.7265980329821637 0 0.001953125
-9.2870971938409674 2.7682161333426611 -0.025032506980294026 -2.9018719646893358 -9.7350551716549703 0 0.001953125
0.068767194483154645 5.0686373629092172 0.042089434077070151 -14.04440199510865 0.19061789578153379 0 0.001953125
0.52352850121021832 6.2331105614605251 -0.013274633775273289 -12.599923652935285 1.0583308254071131 0 0.001953125
-0.13098448263931564 -5.2275940424464764 0.02612159914998027 13.823757162125135 -0.3463025564172415 0 0.001953125
2.3437400737683221 -5.2728095069613152 0.0016994444898968018 12.029108226343572 5.3469245926303284 0 0.001953125
6.6727848272527428 5.1948037612451392 -0.01030395562280461 -6.6802581977993007 8.5807558417502143 0 0.001953125
6.0008430133544071 2.6670273355281484 -0.045192642655753741 -5.0118166499671961 11.276637598405548 0 0.001953125
-6.8212143912769854 -4.6001368760078707 -0.004289333916789124 6.164027935110612 -9.1403159566120475 0 0.001953125
5.0522884727032373 6.6136512129349327 -0.038984802044020647 -8.7108473629706769 6.654318632870444 0 0.001953125
4.2581424995621573 -8.4007931903806679 0.024182259734688887 9.1905633022259714 4.6585273855604576 0 0.001953125
-1.8635472321085547 4.678052409382583 0.037919595267100786 -13.091853992260301 -5.2152314124374266 0 0.001953125
5.8348926686849341 7.4133820881619386 -0.019922995893797677 -8.0903853552598459 6.3676548983196195 0 0.001953125
7.431072058817775 -4.0263454635976323 0.0075490474016013595 5.1817025934156495 9.5636117115713706 0 0.001953125
3.0873788453995483 5.2607031801166073 -0.018135009211579806 -11.042879734870679 6.4808494986363767 0 0.001953125
-1.9714254679065701 8.8930468810757084 -0.015712339414800162 -10.229678284106166 -2.2676960705971352 0 0.001953125
5.3753033347811465 7.7633501026037104 0.019362146435253864 -8.4609625893561784 5.8582476732308653 0 0.001953125
4.9660362337170731 4.4055666911322584 -0.0009636777074657324 -8.1450666555712292 9.181278751363136 0 0.001953125
9.6052287146551123 1.2840151014447552 0.043490979886894876 -1.346104134404241 10.0687219981094 0 0.001953125
7.2256737253528929 2.62184521946766 -0.012056033128953446 -3.8905312763468127 10.721930012854902 0 0.001953125
3.8220941002572433 7.459899286280069 0.024983187150481808 -9.7211806679518578 4.980632409002725 0 0.001953125
9.3882060622867698 3.2726793662156397 0.0024351141625641301 -3.3013512996451757 9.4700709654561592 0 0.001953125
-6.0673581436574704 -3.9117534115244785 0.01989422908222541 6.3773749527034767 -9.8917360848633518 0 0.001953125
-3.9105459003736596 -8.4078934469290818 -0.011179162594629088 9.4157665367597723 -4.3793592941098458 0 0.001953125
-5.4872658542841526 4.3325994181301049 -0.0012391921001699874 -7.4114034782845524 -9.3865046369246894 0 0.001953125
-3.8185981616044993 8.3881959167270121 -0.0028876931438537889 -9.4805697981863855 -4.3158208303171204 0 0.001953125
-8.3665437081390621 -0.23786901628754034 -0.020901649032525102 0.31054264684737826 -10.926071144941487 0 0.001953125
4.5402933647880923 -4.5399187480386844 0.016551817203163396 8.8238993609574194 8.8246812730517465 0 0.001953125
4.4435375714585632 -6.0253627296512153 0.016256003978078686 9.3011090094708688 6.8593831081829624 0 0.001953125
6.7282122114605007 1.8851534899198925 0.014838646211258749 -3.227629656805818 11.519458351922292 0 0.001953125
2.3177430075704168 5.0484993530146918 0.038423920186560698 -12.193520818198545 5.598071986904559 0 0.001953125
0.43411722688241228 5.201008201419266 0.036233398869527172 -13.79442158408507 1.1514669244196536 0 0.001953125
0.027437079700384337 7.1405199716976355 -0.0093738384076088033 -11.834272645269838 0.045502303601229248 0 0.001953125
-4.6344589818807718 -2.224663389871413 0.0093260867994740364 6.0356346572489228 -12.573287323020566 0 0.001953125
-5.2892993558505816 3.0718263191609902 -0.015590238392835737 -6.4215249051365477 -11.057024485754388 0 0.001953125
8.4867196025047189 2.7137411349758924 0.00058366174148346682 -3.2267301397086428 10.090658137501345 0 0.001953125
-6.1946601927470377 6.3035841228072691 -0.014993957389352039 -7.5870925122368353 -7.4558695132154487 0 0.001953125
-8.8666118880425273 -1.3330658401872426 0.040501536567020865 1.5700111787700641 -10.443349051347324 0 0.001953125
5.6072891923055046 4.1647874669004796 0.0090922325971936509 -7.1345753507153908 9.6056568944615641 0 0.001953125
4.7958352101826875 -8.2914935008604065 -0.0054509493639909729 8.8443376390508419 5.1156836039748006 0 0.001953125
7.8983621384452949 2.6745567481875758 0.029840243135029004 -3.512355409687689 10.372239390297008 0 0.001953125
5.2271452904149109 -2.6697969385284659 -0.05426560640626571 5.9369804859519579 11.623907259124254 0 0.001953125
4.8586499645233641 3.4889768559459848 -0.050352786033012666 -7.5417701048319632 10.502526546240667 0 0.001953125
4.8664783068497242 -7.3004960127493588 0.019895745219113928 8.8828599922491147 5.9213601080751124 0 0.001953125
5.044843117777801 -3.5382236435812282 0.001511490041553782 7.3146709370033483 10.42938926943202 0 0.001953125
7.8748479668336175 -1.0162867312127437 0.0062609363451385973 1.436286754176245 11.129940222851939 0 0.001953125
3.201017241013143 -9.4410717969932207 -0.033160123744344135 9.4848264123631836 3.2159029889073043 0 0.001953125
0.92625829196537723 -4.9438083485756632 -0.00058106393263957466 13.858361755487511 2.5965202892921644 0 0.001953125
-3.2034769958714029 -3.9975514362875959 0.050087514098653134 10.902511936999504 -8.7366904286215838 0 0.001953125
1.8070885908972056 -9.8088250524819625 0.020604769333516151 9.8469884321746175 1.8141489824437445 0 0.001953125
5.5046623517200128 6.2086882967422161 0.0042424424671898839 -8.2145707523155558 7.2830235548555491 0 0.001953125
-5.7250382312020758 -1.3199565130700199 -0.010976568914003861 2.9310472091324824 -12.712655630119668 0 0.001953125
-9.568870132628037 -0.85726982003532737 -0.0098645424581152667 0.91025195991003127 -10.161689708122156 0 0.001953125
5.9687049903317977 -7.4431616680360699 -0.05323016839138086 7.9866743034337322 6.4046594485818726 0 0.001953125
-7.8560246206074256 1.8705654502770284 0.0064407893616485953 -2.5776552107540751 -10.825283960954497 0 0.001953125
-6.3519087161738437 5.5937132737975288 0.021136856550665929 -7.1839478276540696 -8.1575619799805335 0 0.001953125
-4.3134250397466669 -5.1848215942610487 -0.039390704340645802 9.360508568467651 -7.7873075288748694 0 0.001953125
-0.5540719852773992 5.3369870584122348 -0.016535643469050822 -13.579063585231189 -1.4096850438617803 0 0.001953125
5.3268371780040127 6.4201753386615898 -0.028936836967215974 -8.4261230560473468 6.9911144440977022 0 0.001953125
-6.7972681807311686 0.95108712056158085 -0.02413400103159951 -1.6726903953106675 -11.954153160352998 0 0.001953125
-7.4946517858798467 4.3131769447489345 0.001336819509167086 -5.3641586484262183 -9.3206599748636965 0 0.001953125
1.0236205271294188 9.3098314722031361 -0.05211027503609228 -10.271350963117076 1.129334756294968 0 0.001953125
-3.4558348473689513 3.7974355731565992 0.015356539797546181 -10.321609940376144 -9.3931328861961578 0 0.001953125
-5.5748214231981947 6.2130485200218999 0.018846155586961635 -8.1467378890200557 -7.3097726145498259 0 0.001953125
-3.0448775776368935 5.7512185029418603 -0.0062777858623032316 -10.95589571752037 -5.8003498441148977 0 0.001953125
-6.914448442492743 6.5371479182672525 -0.062017933910993958 -7.0430120973457493 -7.449367902228226 0 0.001953125
-2.6066939016170836 -6.1015228531660197 -0.024910686811440163 11.289143574695228 -4.822923562531094 0 0.001953125
-2.4427822386365139 8.0525081446084954 0.030822327191186993 -10.432124794894388 -3.1646093536949222 0 0.001953125
7.7382150493829469 -2.5757149079533361 -0.069450078179594726 3.4969725048789924 10.50623558651677 0 0.001953125
6.3983506325048802 -3.7110805348905282 -0.0086883064662184005 5.8334914058460621 10.05777594890589 0 0.001953125
-8.6450364246152702 1.0420426302153345 -0.029500240623061898 -1.2825530655463342 -10.639471209601549 0 0.001953125
-4.2130249980892316 7.8540143592623179 0.020114036378240493 -9.3345993615944494 -5.0071638631076061 0 0.001953125
-8.0142943074234374 -1.8142684244306015 -0.016878069964966956 2.4356074339677471 -10.75936663929429 0 0.001953125
5.2523108350598777 -7.3683476278578279 0.010098629357009869 8.5599777608344976 6.1018224900372502 0 0.001953125
-5.7097598058294849 -8.1334634156848828 0.014136289317846908 8.2100059727882755 -5.7635840367950024 0 0.001953125
2.5178743443489013 -7.0783950244518952 0.045905424831870087 10.869467006591012 3.8664552314508542 0 0.001953125
-7.8066514997744054 -1.6279135820009791 -0.0050737697532646751 2.2858760040027248 -10.962288615250705 0 0.001953125
-3.4175708759840639 -3.7755426878791187 0.0094008880791848649 10.388684713186489 -9.4035412829195799 0 0.001953125
-2.1853707440036212 8.9402920926385896 -0.037126608139566315 -10.125920249343585 -2.4751478304727899 0 0.001953125
-0.75835404311258148 -7.9649303179593716 0.02976011792096318 11.128941392140227 -1.0595930247359338 0 0.001953125
2.1966993289560115 7.1255403239562192 -0.019012942363164538 -11.06697244294153 3.4117909792564505 0 0.001953125
-1.9246432634295148 -5.3244617737304543 -0.014019075263574059 12.498191753482949 -4.5176734818522748 0 0.001953125
6.1380250091114155 -7.3516300138293103 -0.00055641603261068803 7.8435390434702406 6.5488436925772406 0 0.001953125
4.9877614552469867 5.4542484104423465 -0.03907232979487666 -8.5839822355767339 7.8497881964403611 0 0.001953125
-6.5701272894071412 -5.7468292817285578 0.0057190295618430309 7.0466227889362374 -8.0562403476626763 0 0.001953125
4.9743848541647715 3.3851233376150178 0.024186435661744849 -7.2528903716685376 10.658075683140789 0 0.001953125
-1.4978815560599761 -9.7401295663125165 0.0073231244260518703 9.956087595062904 -1.5311080970221402 0 0.001953125
5.3426275824632086 3.1368569325679663 -0.039722660265848544 -6.4325906314956454 10.955898358259525 0 0.001953125
5.8165826515937535 -2.4762690850187772 -0.0030954535196219095 4.9263904858639682 11.571804754216005 0 0.001953125
6.1455675162217123 7.1872893068457202 0.018550501413106844 -7.8159381222033879 6.6830006643590236 0 0.001953125
9.3457492872409524 -2.4696750329804988 -0.046949940310528113 2.5983887575168474 9.8333267023722435 0 0.001953125
2.0102514776702058 -6.0719179555096305 -0.02686937150682327 11.869755850988778 3.9298075513373849 0 0.001953125
-6.4550205257206619 -4.3089611253488354 0.021913368940657579 6.3019960254421887 -9.4407694601291716 0 0.001953125
1.8207125369513975 -8.7575495458850128 0.0067521646935517444 10.351645927052505 2.1521632816096177 0 0.001953125
2.6661782234474241 -9.1523933450818475 0.010299068391788428 9.8329899960210092 2.8644866088324212 0 0.001953125
6.8931742424635258 -2.4314443225497442 0.046487149029202375 3.890656874117314 11.03025151213112 0 0.001953125
-0.16979495262651506 7.9843439321954834 0.011713598301274646 -11.187811615568 -0.23789816106075939 0 0.001953125
-7.5792600141161568 -4.8148595394090519 0.016446979099449064 5.6585596221949794 -8.9075297795173345 0 0.001953125
7.3884180714417944 5.0246614662490803 0.067768417019077737 -5.9493237089318614 8.7479157245832955 0 0.001953125
-6.8190322874785405 -6.1009617355210519 -0.0053453351136426869 6.9704312082278861 -7.7909588575547879 0 0.001953125
3.9064991172261703 7.2447156156300903 -0.0199472902518428 -9.7020931753728181 5.2315351542892303 0 0.001953125
-5.2605387343431209 -2.2743518867589665 0.0106946887947979 5.241956409774386 -12.124423567905083 0 0.001953125
-8.6527423696050221 -4.2341005169268566 0.010974554573341953 4.4780945542330937 -9.1516227809034962 0 0.001953125
-9.2668034052259554 2.0113551252888389 -0.013168105960035625 -2.1783500952907979 -10.035601654213801 0 0.001953125
-9.1188638284230663 -1.305373166672507 -0.025810146650251612 1.4763216489469606 -10.313875037905785 0 0.001953125
0.49797715225542455 -5.6780427645420213 0.057745889390871538 13.194311895643974 1.1572235863001623 0 0.001953125
1.9337123329266528 -6.0488688445355434 0.0081708655983201532 11.952288277153515 3.8209722237963537 0 0.001953125
-8.976333053962728 0.44304709615364668 -0.018307355696432312 -0.52012281253538095 -10.535598663475696 0 0.001953125
-4.190923856255889 -3.0283979366452134 0.022898036395609545 8.1450979561066585 -11.27160784354213 0 0.001953125
9.0100043279145172 -4.1545000413803415 -0.0027288499504137826 4.2035733963489941 9.1167297771886844 0 0.001953125
5.3295818148327774 4.9882167410120033 -0.0063222573193262013 -7.9981043066148878 8.5454152600089497 0 0.001953125
6.5866750279889503 5.9636572982304923 0.014056600636481913 -7.1204945940023885 7.864254754280136 0 0.001953125
8.1523937620941194 5.0106876152921291 -0.032297277867172666 -5.3530227922456382 8.709172071950805 0 0.001953125
-4.0426584371968168 -6.184888107152708 0.0088154589365488905 9.7375275473588108 -6.3648008123341748 0 0.001953125
-6.1004093587200199 3.4236415106088929 0.047823649031913391 -5.8515993422741959 -10.426551987208521 0 0.001953125
1.2794904920053325 -8.3075989282771197 0.01165422039355235 10.779779237164639 1.6602729609422977 0 0.001953125
-3.933154185091019 -7.2871728908644728 -0.0094055237559670327 9.670131476922041 -5.2193579241569399 0 0.001953125
-3.7435293198273754 6.4554999789897787 -0.012677853172086469 -10.014372768763129 -5.8072482154367853 0 0.001953125
6.7242387753361239 -4.9915807905755374 -0.010258720495008153 6.5130960335772512 8.7740430251037722 0 0.001953125
0.76726778082261105 -9.7243139020415867 -0.0063492881125749457 10.093295623778364 0.79639729496208234 0 0.001953125
-0.99729680768244533 7.6863854544097707 -0.009445384480337219 -11.264536155564505 -1.4615241766545357 0 0.001953125
-4.145684335191393 4.7508463139790198 0.022907564865483749 -9.4889619802598641 -8.2802115435933192 0 0.001953125
-2.8756389290960951 6.7099286192526373 -0.043330448741605 -10.757980300964441 -4.6104387594126832 0 0.001953125
4.0508984992603319 6.1765326545964898 0.02154978009892293 -9.7297372782248424 6.3812655611856641 0 0.001953125
3.5352091203332874 4.7261418971324778 -0.0094923842899444482 -10.423354945346809 7.7968584077418752 0 0.001953125
5.6156899887056477 -2.3829229210023155 0.0094234734810038877 5.0010992713332465 11.785816400464567 0 0.001953125
-8.0808062686868301 3.3232864493256828 -0.028174918916402017 -4.0691549071792634 -9.8941639969605113 0 0.001953125
-5.2786233881980449 4.7538018246853619 0.033215555509855485 -7.9400886736052954 -8.816593039732334 0 0.001953125
-1.2512464955078191 -9.7493225817311284 0.031140652842916405 10.004050005285723 -1.283950592190324 0 0.001953125
-6.2167341134606824 -2.1498587012617931 0.02398954198237142 4.0296397432066549 -11.652510879588863 0 0.001953125
5.2415333373719806 -2.223661512203658 -0.037869090556218905 5.1756480168355958 12.199814449773598 0 0.001953125
1.7085200243745653 -8.8651752557554104 0.020727805615270902 10.333831113566248 1.9915961593868385 0 0.001953125
-9.4634377130539509 1.233740404575042 0.010121156029512303 -1.3234426369226535 -10.150516475728034 0 0.001953125
-4.8292157332638661 4.7475051840164166 -0.040132002339694613 -8.519210688014109 -8.6657688705722666 0 0.001953125
6.3145434027294449 -0.53152190635258256 -0.00060765575565080682 1.0536516033926073 12.517639040749305 0 0.001953125
-1.255356161569839 -6.1118760528441873 0.009113141064451144 12.400444566080061 -2.5469601443350145 0 0.001953125
7.6357423705827898 -2.4176697734527375 0.013901660684198352 3.3727319819443933 10.652409607458788 0 0.001953125
5.7031848678492834 5.2541287439149746 0.0044313130123409738 -7.6944513677532695 8.3520153242445474 0 0.001953125
3.9371922888288315 -5.3809645388269098 0.007280564259804073 9.8831109198839453 7.2314195624599229 0 0.001953125
-3.4711575106950328 -4.0420608254043717 0.03684006364494697 10.39322353963723 -8.9251521088251931 0 0.001953125
5.6335774644731691 5.4199301657427625 0.030650626586386575 -7.8415480961135886 8.1505932010634528 0 0.001953125
-8.3708055489738289 -5.184479625689244 -0.071676595005949001 5.3061834083435828 -8.5675182346643162 0 0.001953125
-3.3605816869162948 -7.9147715207109455 -0.0079361850323224695 9.9260663910105702 -4.2145995880921081 0 0.001953125
7.8607680302705187 0.60898573428721736 -0.0041164968499792015 -0.86995404691157829 11.228319572428772 0 0.001953125
-5.5347326979672786 1.6338612676541517 -0.043802685479554695 -3.7269687401458076 -12.62522299516724 0 0.001953125
3.0239051382653273 -5.8980445208206396 0.0023543552944273846 10.92982026358383 5.6037277344407359 0 0.001953125
-1.9297662115576606 6.5868000434287595 0.031218723148882244 -11.583819563097508 -3.3937221112853178 0 0.001953125
-8.7692243029978485 2.3371505830455876 -0.027164417651145179 -2.7034323018799182 -10.143103258734467 0 0.001953125
-8.9075641001269386 3.3778984427733785 0.0084098023058663887 -3.6329840115479319 -9.579885997602096 0 0.001953125
-3.0846711003196274 9.116500765963794 -0.022895808093791367 -9.6559043709238157 -3.2671341571599535 0 0.001953125
8.6648642320104052 -4.8745063135274531 -0.016798021753372343 4.9171001091869906 8.7408244895551643 0 0.001953125
1.9406164464697186 -9.7421142786605586 0.036934619692870464 9.8397101035965662 1.9600890470052663 0 0.001953125
7.54487074225118 6.2889528145953575 -0.013564166664176045 -6.4606331673433122 7.7506812880421228 0 0.001953125
5.5114138255762253 -0.10256840934049688 0.011555091063885197 0.25066238989466377 13.466305372831304 0 0.001953125
4.3126498675151286 -4.0907397116743445 -0.046780674062905099 8.9258527278507636 9.4100837233427477 0 0.001953125
-1.4624518039591055 6.7600384275041971 0.04655771787349159 -11.752726943656819 -2.5425173464378683 0 0.001953125
4.2333762872109313 -6.9673328942274733 0.015066089996282055 9.46464033665481 5.7508219673350736 0 0.001953125
4.4575685194232131 3.5219318498348482 -0.0045627172276369614 -8.2251135910974682 10.410303539921852 0 0.001953125
9.4037885151292517 -0.052766713616812823 0.01438844158861695 0.057737434823457216 10.311798601984092 0 0.001953125
-4.2657459260206965 -7.2841292878394928 -0.035245706885075674 9.3918663617636771 -5.5001253729395687 0 0.001953125
-4.7583904546534095 -6.5600071724913676 0.029563047382436008 8.9915891473875682 -6.5222167652130505 0 0.001953125
5.1542861150811223 3.2912228811947104 -0.0080998405487911745 -6.8819903723026119 10.777737519089785 0 0.001953125
5.2924184763791366 -3.9978744598803742 -0.0051019590375912874 7.4007963689842073 9.7973043771741128 0 0.001953125
5.9839194751233622 1.1026931987681596 -0.012291611535517531 -2.3232304342645671 12.607431481060885 0 0.001953125
0.54301037060592694 9.4128935008588073 -0.014516506230020038 -10.281796407154346 0.59313621053284094 0 0.001953125
5.1654712309109314 6.4912481727779303 0.017366544129329795 -8.5912996230643142 6.8365485066904954 0 0.001953125
1.4984573954709508 -8.825354960279082 0.0063974500912251531 10.41982314859705 1.7692127203075094 0 0.001953125
2.1966219769404387 6.5099047604566902 0.016293482373695579 -11.431409663065011 3.857295044422921 0 0.001953125
6.1532755288520864 -3.8703549310240439 -0.00022008839851970591 6.2445044510185106 9.927929606850542 0 0.001953125
-4.133134339854438 -6.1870846027541306 0.012829774115549107 9.6396113956785463 -6.4395289163738934 0 0.001953125
8.8226566402328679 2.0400246132508379 -0.010471439759506379 -2.3675012793044066 10.238430448470565 0 0.001953125
9.1010591739557718 0.31075127659001833 0.055743074873858295 -0.35771214925751915 10.472994760283703 0 0.001953125
6.0324538671609451 2.0299207133272539 -0.039198481572142882 -3.9975787710605588 11.879892007848843 0 0.001953125
-7.6914533080997165 -6.0378780023591707 0.031523211927694195 6.2442146362215611 -7.9544619484871371 0 0.001953125
1.8547163989004349 -5.5324112993458003 0.03419746510664385 12.411716928560731 4.1610169986770043 0 0.001953125
0.69002729217689751 9.5778644788373661 -0.021304191310520266 -10.178698060875597 0.73331112128208231 0 0.001953125
3.3352199118885983 -4.6264999616504809 0.05573161910251892 10.74089028261559 7.7430814291272645 0 0.001953125
6.26795615549179 2.3565530574510065 0.024887035912252536 -4.3005543972248095 11.438569012707347 0 0.001953125
2.9609149662117042 -8.928397894793715 0.024278254009192368 9.7861310590029884 3.2454133019978655 0 0.001953125
5.5743730553358866 -2.7179254202410679 0.00070033351426649769 5.5649482336091696 11.413563625900778 0 0.001953125
1.0362997644433698 -7.4122630654559236 -0.0054308751168473304 11.447289811682282 1.6004667261530865 0 0.001953125
-2.4542949285570126 -7.2604519750539334 -0.0052354418373706229 10.820844110971827 -3.6578371124646045 0 0.001953125
3.4588227768216013 -5.6061769982079923 0.009763043746607511 10.485458818535173 6.4692276878993678 0 0.001953125
8.5668649385199469 2.2084219076122467 0.03502943571446699 -2.6540472516611282 10.295109387555202 0 0.001953125
2.8122041929068211 8.9968748333336972 0.0045326342851550712 -9.831103959738428 3.0729327629777887 0 0.001953125
6.7334600397999615 6.727176029675908 -0.02278631173981268 -7.2446513657038354 7.2512990041811278 0 0.001953125
-7.0999182132696586 -0.20204971386740772 0.020610455398244073 0.3374835243126581 -11.860669066957453 0 0.001953125
-0.24340593353651005 -8.0468895897370825 0.023028547498489385 11.139665610319378 -0.33694098043114423 0 0.001953125
-4.5213452324776249 -4.8152883991404982 0.016366267049814233 8.969654014003952 -8.4220968485903818 0 0.001953125
3.9081778193122418 -5.2994511028218803 0.018637251501744147 9.9177219509536076 7.3140613685765867 0 0.001953125
3.41657910112579 5.0420336412035711 -0.0067734244153256221 -10.607759159576229 7.1880749772748747 0 0.001953125
-0.94287094112748582 -9.7267636570860851 -0.023224950339644911 10.068247843897506 -0.97598019765797384 0 0.001953125
3.3524986994004249 8.9644862835949812 -0.021705056927399918 -9.5743911600249696 3.5805472093668422 0 0.001953125
-1.1871094701837057 9.049594003574283 -0.040886802372826866 -10.378659422142183 -1.3614284874855274 0 0.001953125
-1.9914634896232448 -7.7367179467494127 0.0059234941272683249 10.83453302512798 -2.7888558334201692 0 0.001953125
7.8002530470542446 -0.97507915354403074 -0.0020864407420452605 1.3989264510980799 11.191525152430811 0 0.001953125
-6.1492141151134749 -5.1881793083412475 -0.010999913774623138 7.1890896293729911 -8.5208468484403816 0 0.001953125
7.6082797736297163 2.7123421067748996 -0.073890691770007164 -3.7364068726973749 10.48061610865307 0 0.001953125
-5.6511298303946775 -5.0651821551360534 -0.031183157903734646 7.6615376325544364 -8.5478887537445036 0 0.001953125
5.6981613238097113 1.553233316938897 0.02802079512369875 -3.4220221738752277 12.554093645048665 0 0.001953125
4.3801704334689502 -3.9035272585141771 -0.016615871162958696 8.6856272224413793 9.7462171088276914 0 0.001953125
-2.4671929819133314 -9.5041767833566642 0.0090145707800406167 9.7675619657291612 -2.5355945547315364 0 0.001953125
3.6318776749242176 6.9255550110493873 -0.034767356910761826 -10.014890642405611 5.2519579337393711 0 0.001953125
8.2363557751495602 5.3529080232671804 0.035967415897600365 -5.4983937935111884 8.4600102717053467 0 0.001953125
2.4759896563767851 5.5802345521587879 -0.0036009126627473301 -11.698880184236833 5.1909265126244781 0 0.001953125
8.0955264356776926 -1.0211714819988069 0.0072507887507079604 1.3853343050456735 10.983226515576103 0 0.001953125
-6.1554786611436807 1.640057846926259 0.058144273635661707 -3.2257663009386914 -12.106894570773866 0 0.001953125
1.4093751849819118 -6.4807938861898222 0.037910781353354676 11.998236706386098 2.6092937709576041 0 0.001953125
-3.4176608430010971 -3.9462533161298365 -0.0076643616935568645 10.461879564087054 -9.0603939484245846 0 0.001953125
-5.2317436039636114 -2.5593147245735759 -0.0148307257831394 5.7579205646946967 -11.770214646785544 0 0.001953125
5.9285755011589822 7.6561855211889069 -0.008138846449368714 -8.0351187597920877 6.221907980953814 0 0.001953125
6.6089926894851629 -2.3313213183284311 0.012747235050532973 3.9736005819428297 11.264797830836402 0 0.001953125
-2.6640204362642121 7.9696294744794081 -0.0026308245176521979 -10.346468839138717 -3.4584816862001069 0 0.001953125
-6.8267812715633758 -3.6428960004807287 -0.0098813247864672112 5.3517840892354336 -10.029353176888778 0 0.001953125
-2.3024056152095564 -7.0520276372960664 0.03667931010634564 11.036637889295845 -3.6033289829615085 0 0.001953125
-4.7663025012297116 -6.494034105791 -0.0028554684558263423 8.9818899627312376 -6.5923109824150412 0 0.001953125
5.8181576510825934 -2.2783562648971176 0.057489506164552569 4.6127655606125524 11.779505379553049 0 0.001953125
5.9313670200048305 7.9978635334760844 0.0022683429324239059 -8.0496305359648641 5.9696619139782161 0 0.001953125
-9.2809554038484574 -0.48739518151579631 0.04463273869423777 0.54387451847971469 -10.35874081965745 0 0.001953125
-7.3955771091535096 5.091999251016281 0.0089327644063852511 -5.9849213966425721 -8.6922732614034004 0 0.001953125
-7.6541980526315507 1.2534464650290154 0.024073793169855775 -1.8350894540007907 -11.205527894483424 0 0.001953125
4.4222470001678476 4.1122078393361416 -0.018115497449323531 -8.7630788951095848 9.4238309566344025 0 0.001953125
6.4545991231188795 7.2380585713473966 -0.021344201726065718 -7.5789547280664316 6.7584855392480225 0 0.001953125
-1.2484164030875067 7.0033869844340346 0.011492427713994269 -11.672625466722407 -2.0807109010369604 0 0.001953125
-1.8072036468745767 5.0491076660837795 0.02471360990025246 -12.856975565367032 -4.6017967373289368 0 0.001953125
-6.4010187531410176 3.1158555783138531 0.001006191388631152 -5.187399063450564 -10.656536350975667 0 0.001953125
-7.0499152647736851 -5.9060957594961083 -0.03216005453847285 6.6961314334336937 -7.9930883076919548 0 0.001953125
-5.6146633821805256 -6.3385708096372424 -0.034006680318613598 8.1344932835020405 -7.2055524189441664 0 0.001953125
-7.6681357651812769 4.7449380719946577 -0.035678631216036448 -5.5413857997209748 -8.9550518591402835 0 0.001953125
-7.7245775114850286 4.9855263936590841 -0.044190773984864942 -5.6557316532267787 -8.7627996282276683 0 0.001953125
1.2917372316085938 6.2633505345992386 0.002736912824796768 -12.247249287298803 2.5258803168448285 0 0.001953125
-8.2533524067545656 -5.1151950387163296 0.028125876881320212 5.3459210203694676 -8.625833576965654 0 0.001953125
-3.1099541122483161 6.9411438166308486 -0.00033561583450063883 -10.4642611493353 -4.6884184693173161 0 0.001953125
8.3213816275283126 1.9184593810714841 -0.056510590094826729 -2.4311239811522736 10.544654547176604 0 0.001953125
-4.3721998709725156 2.4613038168458545 -0.0047692326697441377 -6.9254880082659103 -12.302373387869121 0 0.001953125
-9.8436798929147855 1.6142485445128196 -0.004070196077195597 -1.620427989693791 -9.880525354388908 0 0.001953125
1.0367467618213513 6.7077620174949715 0.052399747594255572 -11.995875531562673 1.8541036088752774 0 0.001953125
-4.8909854278587916 -2.3943153632560881 -0.036428668984369326 5.9581406538117667 -12.170803066147794 0 0.001953125
-7.0565704587772489 -3.0942208868185372 -0.0097671612263603123 4.5747642013294669 -10.433190803017597 0 0.001953125
-1.7491625587849204 -5.6228409137035058 0.042646095852233688 12.442833989901782 -3.870678454504509 0 0.001953125
-3.6101237967701798 -4.8363744097167869 0.011249237372283283 10.315056810236982 -7.6996423734767712 0 0.001953125
-4.8962994411195684 -6.9603169269548779 0.014082605676530198 8.8659021754264558 -6.2368571191242035 0 0.001953125
-2.9827155435639066 6.7509239467889142 0.0028643897642165357 -10.64750722508194 -4.7042631365183736 0 0.001953125
2.260951724507879 -9.4352725683010163 0.0082483673050511956 9.8723456468148605 2.365723895386862 0 0.001953125
-6.6646609128751599 -2.1257923089330331 0.019440017095582979 3.6331782243884612 -11.390634623741773 0 0.001953125
-8.0993763745222811 3.7236039216432761 -0.020237379133699582 -4.4243252625012426 -9.6232908538698254 0 0.001953125
-5.4233405527120349 -5.4926142557785553 0.021951243311324576 8.0990505844409793 -7.9969548759299922 0 0.001953125
-5.5291464497936964 6.6277496573652028 -0.034325296583518898 -8.2654899005729003 -6.895316964048237 0 0.001953125
-8.3384905440494475 -0.66873228200407919 0.0082089781594080341 0.87394731552103377 -10.898525284479966 0 0.001953125
-0.64877855191692935 -7.7482832715484538 0.00446830292077776 11.300710773530342 -0.94621436040199369 0 0.001953125
7.41616036191538 -6.4228401516087352 -0.015407548366183119 6.6092312835767153 7.6315368173729174 0 0.001953125
6.2624746716699793 -3.3887389674234458 -0.00056735304452158796 5.6396627261856338 10.422359928744255 0 0.001953125
-6.1865335701298036 -0.14110783922931125 -0.015563724978019246 0.28987708844577897 -12.708835114673738 0 0.001953125
-8.6390570229672505 -1.106405066242014 -0.026792754332924031 1.3610730152605268 -10.62838067584091 0 0.001953125
2.8989250551282666 -8.946743364789155 -0.0088405897017215292 9.8091762395996192 3.1784189418480477 0 0.001953125
-2.085482980785021 4.8653094537427339 -0.027599937045671961 -12.63320285384822 -5.4151043309714488 0 0.001953125
3.9990670006597626 -6.5366566327240596 0.0080697154409507844 9.7442203143066664 5.9614929185020458 0 0.001953125
-9.581900444938336 0.35299100014074403 -0.028752358515189511 -0.37609217038866072 -10.205486268736607 0 0.001953125
6.728000592404813 5.9963704260598734 0.017799204413395865 -7.0087589149838925 7.8637948568748959 0 0.001953125
8.9647200859626253 4.3611719391789316 -0.029537197859600923 -4.3815007335328531 9.006231515164048 0 0.001953125
4.3999641878437714 -6.7449410655504654 -0.014157594050905577 9.3327434428261551 6.088155040244855 0 0.001953125
