-0.0080230809395428603 0.00013160038165282433 -0.00099822493267644717 -0.00026846037227189971 -0.0089266778328153957 0 1000
0.80182618375919545 -5.3395067709392698 -0.013067978900792568 13.453127557807701 2.0315154111936589 0 0.001953125
-6.2994567605021095 2.5425163009511831 0.020765665302816719 -4.548530853304027 -11.264143559828875 0 0.001953125
4.4537371382971092 -5.4909929459797961 0.035983637834179301 9.2263415551591841 7.4880661836725588 0 0.001953125
-2.0089498917585304 -5.8283223358792569 0.043861026432332528 12.048153640106861 -4.1451883816318471 0 0.001953125
5.7745852646752009 3.8864464945167012 0.031871971854971176 -6.6828926004654639 9.9344256175323196 0 0.001953125
8.8702294608164074 -1.3704793251495233 -0.0037415794734310392 1.6094487363382186 10.41815771715299 0 0.001953125
0.34927372165624698 -5.0962938392632884 0.0078197791429821303 13.955866542352863 0.96950074588247692 0 0.001953125
2.0879654764244289 -9.0907890794203006 0.018172346861929645 10.088186714655121 2.3170518839774292 0 0.001953125
6.5398869099542267 6.809388279289081 0.0020312237998101022 -7.4163509685904687 7.1225185060849787 0 0.001953125
-6.9319973811071343 2.2313191496443374 0.0022708797651121624 -3.5962801133135853 -11.168316786610012 0 0.001953125
-4.1669547619646421 4.3846788634537877 0.019595603364228102 -9.333122707287492 -8.8615403852487376 0 0.001953125
7.4917101611054697 -3.7169952328117035 -0.0024802910833247524 4.8536092594346316 9.7843329341304699 0 0.001953125
-3.6133142201860742 -4.5799685613110501 -0.019230398342017986 10.291673000706815 -8.1103751277197897 0 0.001953125
3.186336148979485 -6.4933282779189794 -0.011360051578572911 10.547686358463357 5.1799799241641376 0 0.001953125
-9.2353146085706879 3.4263948173104679 0.014849534510667112 -3.5088891769629473 -9.4580157180169948 0 0.001953125
1.4148139641403761 9.8811927876692334 -0.00092339265267755381 -9.9065839957352182 1.4175469019582949 0 0.001953125
-8.5831134199669386 -3.0618436655395089 0.007507024489032 3.5238727400263863 -9.8783170341966624 0 0.001953125
6.3920062082728393 2.7133839552651993 0.015753756122378303 -4.6816932797205135 11.033634809360837 0 0.001953125
4.0930662222261294 -7.7300653709067904 -0.010369261505116687 9.4430387991220943 5.0010163459041408 0 0.001953125
-5.9824990912831213 -6.4968764658846991 0.017907979158068708 7.8346726870762362 -7.2137304044788104 0 0.001953125
0.36554614609772212 -7.344837641887815 0.0084728401537834137 11.645311317304113 0.58337399660856104 0 0.001953125
-5.2269531647178997 6.7698743114893052 -0.031868552105463417 -8.5663261300676048 -6.6126718982237165 0 0.001953125
4.9859462422268397 -0.92983816926079299 0.035059394846979661 2.5683007349927651 13.784377346463597 0 0.001953125
4.985114000530932 -3.9682315988243637 -0.013516843526599352 7.7904572099167346 9.793644126086301 0 0.001953125
1.4153612575248848 -7.8964245950467564 -0.042375608512306047 10.986355688159327 1.9714541816953484 0 0.001953125
2.0732941814557386 5.7402941653816715 -0.02712431767233401 -12.031275854443745 4.3533789345494611 0 0.001953125
-5.9938105160809183 1.2703142140414569 -0.026524353949634497 -2.6538630587025498 -12.514099582757026 0 0.001953125
9.0055177849544847 2.5455005029429629 0.00030610803376188958 -2.8083829068570245 9.9350363736636247 0 0.001953125
5.6265745324070044 8.2120914722356186 -0.0078444875713323779 -8.2627611474089164 5.6603437887993291 0 0.001953125
-3.3431126624209626 -7.4547248426109087 -0.0094190241236912688 10.100493888840472 -4.5277188951590617 0 0.001953125
-0.31657136829987809 -9.371902744972374 0.014494324204385527 10.320896838733011 -0.34872247448186838 0 0.001953125
9.7487241569405363 -2.0197714073367599 0.0074986590971411471 2.030695201830047 9.8012468927338503 0 0.001953125
-2.7450803681449707 5.3037350027123509 0.0069029718334307089 -11.502967745575699 -5.9451825613823068 0 0.001953125
-5.2651972383673753 5.5661482076645736 0.0092474865005408701 -8.3086549033980877 -7.8563043592158062 0 0.001953125
-7.2519886315744397 1.4029561757861631 0.01440514176737951 -2.213591032887368 -11.438176456351068 0 0.001953125
2.0589144763160618 5.1703796996386027 -0.053697058477112529 -12.443898081031181 4.9657292608666506 0 0.001953125
6.1808101789951166 6.5840594432678712 -0.010109181239287977 -7.665358674760105 7.1961895371722937 0 0.001953125
-7.5048994300887033 1.1535058045159496 -0.055503476544913298 -1.7462023152159381 -11.357411997374639 0 0.001953125
1.1137058189992284 7.6774517278299177 -9.6726762731561824e-05 -11.233707016484527 1.6323846736407839 0 0.001953125
-2.9167513675835486 -5.2762092519960673 -0.0011140492382850802 11.281963924018745 -6.2285681663429138 0 0.001953125
-5.7405050226091703 2.3893050360590888 0.025140081937065559 -4.8818584737562274 -11.721607800299644 0 0.001953125
4.7802266814159742 -8.3727672927746752 0.028692634885351571 8.8386164004767309 5.0458087100554767 0 0.001953125
-1.6449001975163384 -5.0663578132358422 0.0040711512736327365 13.04049126611608 -4.2221243056995297 0 0.001953125
-2.496709213403046 6.0226196829652805 -0.013507251867598944 -11.449011508665786 -4.7399162070313334 0 0.001953125
3.3762338139559964 -5.9539640524393223 0.011130802880966999 10.504887281277728 5.9621137326090832 0 0.001953125
2.643187365878584 -7.3982397641013042 -0.014196165865784286 10.618597905439442 3.7963499236578619 0 0.001953125
-6.3229361894970326 5.3950607387001961 -0.0010330412187601697 -7.1275754611398998 -8.3516357763046738 0 0.001953125
-1.8859369036269862 7.6467117420763318 0.023655182991342748 -10.944580324179409 -2.696726210172594 0 0.001953125
-2.3107600613875796 -5.0994813742119307 -0.014942508582412037 12.183588699701872 -5.510563485719258 0 0.001953125
4.1930707310968804 5.0623316988218345 0.019143741048386079 -9.4879051382829704 7.8648141785790138 0 0.001953125
2.900395872127512 8.9337886371516984 0.015936809284631114 -9.81031729900233 3.1848081896857532 0 0.001953125
8.5162623223687035 0.39473380365781569 -0.024868020360946985 -0.50084846890313828 10.804715071960599 0 0.001953125
1.9656856051337086 -8.3539484077694279 0.023349128272758576 10.50379496895385 2.4727303339862199 0 0.001953125
-4.4312353167663092 -7.4631409839598852 0.016465933701611181 9.2356845927735556 -5.4827426335715543 0 0.001953125
-2.5286975567131562 -8.7098584464064661 0.0015499222516399888 10.08742732572393 -2.9283097254355441 0 0.001953125
1.0316368621809291 -5.3175035254782719 -0.020056311383367754 13.332420168528094 2.5977700912171215 0 0.001953125
-7.0133449944457569 1.8497514959535994 -0.022478375397065702 -2.9993456892996484 -11.367747742852663 0 0.001953125
-7.3560123959823711 -3.3868450264409047 -0.014439789355252008 4.6535081358077619 -10.105217402876185 0 0.001953125
4.5235029209001825 5.4636019573937524 0.012566636649622554 -9.1360350547158227 7.5684849605177025 0 0.001953125
7.0603812464547016 6.1947724907814585 -0.024888854117711398 -6.7987461124627551 7.7484864968682574 0 0.001953125
-3.84518070579675 -6.8166975383049877 0.0099395812828203013 9.8524097745757153 -5.5549479503828918 0 0.001953125
-8.9495602308683573 1.6420763637328197 -0.032042113154636266 -1.8945144367048528 -10.324420320817497 0 0.001953125
-8.6557294409507133 -3.7573061538745649 -0.0060999395436476716 4.103754148608302 -9.4542947021226116 0 0.001953125
0.73804762323499307 -7.893076855128367 0.0017429689316737686 11.180561101489321 1.0478919063324685 0 0.001953125
-6.4057074890688552 -7.2307779208563474 0.060130028693796474 7.6217890413928968 -6.7526866839128399 0 0.001953125
-7.8503176724142296 -2.7444468883485249 -0.035431116320685636 3.6236222753592107 -10.363747585166752 0 0.001953125
-8.7853731312291448 -3.4245871482472392 0.035802139229576889 3.7444716145319212 -9.6064723151033444 0 0.001953125
-2.3720855473899678 6.7050192447858938 0.0027478354170055539 -11.185235920074645 -3.9526112199622645 0 0.001953125
7.7444160323674804 1.5203156959203483 0.0092810730177226314 -2.1652132330011482 11.031579917870127 0 0.001953125
-7.433068527691213 3.1185491780988532 0.0019604729020286657 -4.3151661669339179 -10.282827068285984 0 0.001953125
1.2573073825146257 5.5923062677592865 0.010119945522204379 -12.881058958728996 2.9055846849863793 0 0.001953125
-6.2265761642918083 4.027666274614214 -0.0048403525417268908 -6.3157789141699103 -9.7601368304530958 0 0.001953125
5.8509335135417988 -7.7117393182320217 0.035353029603760008 8.0907856174452064 6.138107569215455 0 0.001953125
0.84863680083633919 8.4605424576811608 -0.012410003538294507 -10.789238551973625 1.0835117390533431 0 0.001953125
5.7710317673235352 2.2172285183217717 0.027307639371804748 -4.5529965357796307 11.858152764707343 0 0.001953125
-1.3990796808640085 6.962827501146454 -0.017107402938002017 -11.637786302049602 -2.3339522471134999 0 0.001953125
-1.7052658283223108 6.0407932182145103 -0.0025045210927086212 -12.153877744728238 -3.423722360395379 0 0.001953125
-2.732227517564366 -4.409000408570515 -0.027797288739931932 11.816472291043668 -7.3099595151560308 0 0.001953125
-9.1145071072704074 -3.4103644142741056 0.010377368076011551 3.5563491515364407 -9.5055750631213858 0 0.001953125
1.6103345268651112 -7.482947195977915 0.035129923990486894 11.170124836530015 2.4068825720987128 0 0.001953125
-3.5628629187121188 -5.9520313812027741 -0.0029321294281977992 10.310701224220779 -6.1669982753783001 0 0.001953125
-6.9629108417583225 4.6385931558161015 -0.0059203674002741864 -6.0687556699767091 -9.1079882775381797 0 0.001953125
1.9707946220029158 -4.6509827521684661 -0.028863649009374617 12.942488279439667 5.4975722427055418 0 0.001953125
3.3663791286799398 5.8708272766006298 -0.0067305412714841499 -10.536139430894703 6.0469597526649927 0 0.001953125
8.7186799296231623 1.2539914381836252 -0.040818081425714643 -1.5149322720696277 10.532938407104435 0 0.001953125
7.1814202581884699 4.565724382667713 -0.023820174600647129 -5.8091811039104595 9.1383736409115208 0 0.001953125
-1.7241888663641824 -9.7820062570924478 0.0046714262200519387 9.8831617131122069 -1.7428630579471027 0 0.001953125
-8.2239107831578018 2.0066254301484103 0.031977105010858459 -2.5800580248144618 -10.572259114930519 0 0.001953125
4.1177496126878186 6.6176039427944851 0.069232046598061134 -9.6095958427116628 5.9821675748899761 0 0.001953125
-9.0691435439241577 -0.059351120488042745 -0.015662852059448965 0.068692348437420364 -10.513863014190262 0 0.001953125
5.5389547671116741 7.872909201110196 0.034884278983459555 -8.3302219815869591 5.8601667985532329 0 0.001953125
-2.9502816990435359 -8.390059710194592 0.0050955870773647504 10.007442676934831 -3.5184145132436644 0 0.001953125
-9.3101435692382317 3.2729585416324776 -0.0047794161013358441 -3.3424895047889365 -9.5082810316591964 0 0.001953125
-6.7152487804847381 6.2181305727781382 0.0098166363604773581 -7.1090983082723316 -7.6770730479427227 0 0.001953125
-3.0253720514816087 8.9948919117859116 0.00054968715932253247 -9.7337830869592441 -3.2740954340309667 0 0.001953125
-3.9660385262168951 -4.2297524492961518 0.0017616682076290161 9.5932831715617848 -8.985869092401618 0 0.001953125
-5.7849417946025641 6.8234902235425396 -0.011206554003343179 -8.0718768108610206 -6.8426617787583037 0 0.001953125
6.4821119219252559 3.9857056003397244 -0.035950966427647717 -5.9965260134826952 9.7554186917535457 0 0.001953125
6.0052316761376101 5.5068141232201206 -0.039588854995728492 -7.4794861712715059 8.1583212600595694 0 0.001953125
8.3522156371344618 -2.0404784280150281 0.015332897149354227 2.555848235929965 10.463307347759867 0 0.001953125
8.2915656037023258 -5.3713636680405745 -0.0079157271848192823 5.4642575571071568 8.4344053992193579 0 0.001953125
-3.0976639007367561 -9.4496025605360305 -0.015900447424080616 9.5322501281264795 -3.1256343063192982 0 0.001953125
-0.68770939556252408 6.7938893915681415 -0.00078558426459760802 -12.042256630348707 -1.2136759214109263 0 0.001953125
8.7707588643456766 -1.7216407030829979 0.018875081390214245 2.0345624293437701 10.366043717731223 0 0.001953125
1.6114550812452622 -8.8670018613043542 0.0035108736429835079 10.361146429816426 1.8834645009514142 0 0.001953125
-1.4828090810173471 -6.9864248369809747 -0.017399598348700633 11.578603402873814 -2.4531004669815539 0 0.001953125
-5.5699024930866639 1.8319969119017327 0.029659098958547299 -4.0882780992430474 -12.420874490866733 0 0.001953125
-0.7460288398012358 5.2466894740085088 0.038481412641864353 -13.604567127397507 -1.9225719674441089 0 0.001953125
7.4955550927371242 5.196000070253799 0.011365691450394887 -5.9592214768722451 8.5966548629320503 0 0.001953125
6.4228257748039139 -4.5133663370113632 0.023343362850925808 6.4808837901700311 9.2254434520387747 0 0.001953125
-9.5721670176858815 2.7282561337044484 0.030050774987668831 -2.7507869524209418 -9.651578410668268 0 0.001953125
2.2735402973003027 7.393877455196975 0.027254257977436393 -10.862999527848658 3.3430967589859213 0 0.001953125
-3.4232555492777856 9.3103389352236814 0.014354254495139144 -9.4277974556351882 -3.4671958616273604 0 0.001953125
-6.5755586667625208 -3.5685763581802878 0.013960451244195624 5.5222244495427466 -10.172035884151038 0 0.001953125
4.0743771518532377 8.2378600270349249 0.011993289400986118 -9.3449083416819683 4.6220295823169204 0 0.001953125
3.4690399838491977 -4.3897975410589396 -0.028431666796352541 10.474786320018151 8.2878874403517759 0 0.001953125
0.42881401681218123 -8.1527084943558936 0.016519853988813199 11.050940844175109 0.58320785972071854 0 0.001953125
-1.7677393798631407 -9.0584490042843964 -0.0348935742108403 10.218604068402412 -1.9940408287456828 0 0.001953125
-8.8507143326410773 4.0200117563779472 -0.020863211310802821 -4.1992719376670014 -9.245642667774046 0 0.001953125
-6.4956564936217491 -6.678516803221938 0.031590901762525742 7.4332821812019443 -7.2298714862345888 0 0.001953125
-4.5592570595374466 -2.6567601573201851 0.020007279134678493 6.9444455704327064 -11.905165347331609 0 0.001953125
-4.2909256148125223 -5.8828456631601238 0.036186732309470115 9.4769038673949328 -6.9084613111025757 0 0.001953125
4.6088355461216537 2.7088216604050306 -0.0077900845248587538 -6.9167333787962493 11.779923290153651 0 0.001953125
-4.9820994838913535 2.9078344344398066 -0.029804445964595638 -6.6488667265112653 -11.382384570760975 0 0.001953125
8.3939374215513105 2.2484602829022844 -0.007009154859435018 -2.7720584752903239 10.349198629909553 0 0.001953125
-8.8614132921047055 0.33456618624598083 0.0015525574983379082 -0.40130197186591471 -10.625371014266856 0 0.001953125
-4.3908112108924389 7.9888874117903326 0.00097649297582379528 -9.1847579378433917 -5.0477177501612189 0 0.001953125
5.8259642529975997 7.4750117259512736 0.027343787036241095 -8.0958776409256803 6.3095266788027482 0 0.001953125
7.1343196682402823 5.4263918400841895 -0.010029985557762586 -6.3876765623689282 8.3985318530999358 0 0.001953125
-7.8676183987533523 -4.8260605682121982 0.0078026368623966592 5.4483761862825073 -8.8822040893612364 0 0.001953125
2.5540991322247564 4.7020256869765449 -0.0257139036685416 -12.000003212129895 6.529882234773539 0 0.001953125
5.8090196231104878 -2.9582717633190607 0.010259707018418879 5.6111487030201026 11.024678026043846 0 0.001953125
-7.397888311529206 -4.1268800154083287 -0.00092051117803552854 5.2994961723486975 -9.4987343245594698 0 0.001953125
-5.4128872141692792 7.7555710816869201 -0.019743558389789383 -8.438467786184269 -5.8896148058315561 0 0.001953125
-4.2424792054283067 -2.7214287425565735 -0.0068939589870477677 7.6203441349205097 -11.865782896444379 0 0.001953125
7.8850432732772999 1.1388607985039605 -0.0056026185955569885 -1.5992369598490213 11.074274214427929 0 0.001953125
8.404634239529301 -2.2412411398585217 -0.0077521031661038518 2.7588812555878932 10.347129072963259 0 0.001953125
-5.1931357186312095 0.57905613699775227 0.043285306124015641 -1.5364570607162682 -13.76773360641795 0 0.001953125
1.5080185863988942 -7.2664552517379715 -0.0034593749903734381 11.361725443540461 2.3615474571254014 0 0.001953125
8.3245273988606083 4.7689069783334705 -0.0070956276871098909 -5.069638775511498 8.8488577015690861 0 0.001953125
-8.65918231280871 0.72704604447687748 -0.053434498872929996 -0.89889353332290955 -10.703649638692857 0 0.001953125
-6.5409044993244994 0.38201852784233525 -0.023353408732163385 -0.72164739743503725 -12.349446121344874 0 0.001953125
8.7131959988483381 -3.5913753931709564 -0.0075750605440852688 3.9206187838450344 9.5121230389993734 0 0.001953125
-6.4428334697955538 -3.1136397488320817 -0.01814454183709252 5.1514660210757359 -10.655320020176424 0 0.001953125
-9.3114738374131925 1.5643100932891463 0.033544464901768475 -1.7072908963499105 -10.161987370921425 0 0.001953125
-0.74112972323831516 6.8472717687245881 -0.0051216693175819127 -11.98228717052009 -1.2918122751176389 0 0.001953125
-4.0894142100509585 7.2538386021461179 0.031212881300279861 -9.5530608863057402 -5.3839276609113398 0 0.001953125
-7.3463917658334452 -0.95843510342987481 0.00054439091858275355 1.5053325630756538 -11.535151570145413 0 0.001953125
-6.2702632690036006 2.5292078415466874 -6.7529022137031232e-05 -4.5569701094279305 -11.291765734748401 0 0.001953125
9.4690589375134273 1.2950190775029515 -0.0032181361254889711 -1.3844527531645303 10.121704981845923 0 0.001953125
2.8747868908509249 -5.5459420388704705 -0.00090331864213996887 11.222595252852575 5.8246387468218721 0 0.001953125
4.4418215549337079 -3.3998319375511135 0.041971650143570037 8.1126859458446017 10.6092420886295 0 0.001953125
4.5196150207466514 5.4905790877076139 -0.058988493101456908 -9.14573410319767 7.5327825904376136 0 0.001953125
-8.3794370027979976 -2.9566174626996258 -0.051036868543643421 3.5341938835311884 -10.016014408572897 0 0.001953125
7.1714872584821645 5.8321125446541853 -0.014577495709079295 -6.5560051551853435 8.0615694079200448 0 0.001953125
-4.6995348814265316 -8.8257094236170612 -0.00063502788423722514 8.831789775659443 -4.7037433331817535 0 0.001953125
-1.3480363406662885 6.740422301797568 0.016254385686423865 -11.831556720516478 -2.3610630841916964 0 0.001953125
-4.0260928567726975 -6.2808525272357922 0.010828955018010433 9.7551244263207888 -6.2496444559667319 0 0.001953125
-0.86337919923257578 -5.8760884229939734 -0.010604372754690703 12.841294376112684 -1.8781741357116919 0 0.001953125
0.95675811262565591 -8.1964891649258664 0.02447786739836761 10.931715126219714 1.2778197112825385 0 0.001953125
7.7797295420558221 6.2586787063598139 0.024756660146141828 -6.2673295991354765 7.7894202859945691 0 0.001953125
7.6010191897597519 -4.4347924668105607 0.0036032208491126915 5.3654841272040317 9.1971471205920832 0 0.001953125
1.0267644611174447 8.2808427880639357 0.023068214379494585 -10.8624533482865 1.348451130277811 0 0.001953125
7.1665927503310263 1.7184358932286081 0.0058179066531267734 -2.7119132731619024 11.313287835400672 0 0.001953125
-9.1161106055863694 -3.2694476790959786 -0.015035300602248539 3.4342722106709482 -9.5765481865606041 0 0.001953125
-5.4430649452025159 5.7210637485097076 0.01644719604232367 -8.1616206875713981 -7.7624343012954089 0 0.001953125
2.8383656003127489 -5.1936714353252711 0.001767103131790496 11.394620956115656 6.2358777624260879 0 0.001953125
2.5827326111663971 -6.7594075617029699 -0.00096472876381427397 10.974493215005108 4.1974142572822686 0 0.001953125
-2.2520491898471473 5.0003162955827731 0.035825614372062914 -12.323762782745259 -5.5395709836162617 0 0.001953125
6.0528042243376117 -1.8477862014335376 -0.062270028146178616 3.6634998045873806 12.007553015508075 0 0.001953125
-1.3126404722840945 4.9623016939188291 -0.03644032918666569 -13.501968363116257 -3.5586946571240463 0 0.001953125
-7.6545600427175051 -0.72544832607422072 -0.0306749855920357 1.077600982847482 -11.368072978653359 0 0.001953125
-0.32727622347993884 8.5141551675538079 -0.010079741121896588 -10.826395602125647 -0.41487752871759942 0 0.001953125
6.5481847430924445 -2.7860976878356394 -0.0073634291768272008 4.6337410957965952 10.895247589975661 0 0.001953125
3.8351667938597207 6.462215200052599 -0.038681366127002639 -9.9124421993072609 5.8861325802470246 0 0.001953125
9.4484224046402971 2.7417249767961525 -0.025627175740447108 -2.8064909438702124 9.6704408621895226 0 0.001953125
-8.2902270563204965 3.5781661765564814 -0.022519266895765701 -4.1755493387805727 -9.6735979249324817 0 0.001953125
8.0798626437441143 -0.38762125303097406 0.060437377369220849 0.53190437593233542 11.091321967487108 0 0.001953125
5.2825982675230083 -4.2835457194662379 0.044045323761002217 7.626541753973707 9.4106822067420612 0 0.001953125
-0.092036557820506237 -9.6054762223267574 -0.01129196037479268 10.202340614313444 -0.098161703605492659 0 0.001953125
5.0435814911841588 -4.1367240911972036 -0.01008780719034642 7.8405855335801302 9.5657108822430033 0 0.001953125
5.5033228525429649 -4.3617224538293096 -0.029728324862383804 7.4020648090302208 9.3441646579990643 0 0.001953125
-9.5933100096312387 -1.1409799526109625 -0.048701485263308121 1.2029241615084987 -10.115691858648294 0 0.001953125
-3.2459633275353927 7.3643285766890649 -0.0039202295928895481 -10.206522504097574 -4.4964819186121696 0 0.001953125
1.230285210719271 -8.8959596076241017 -0.025944524513777094 10.45049552004617 1.4457872396094142 0 0.001953125
-4.3951777167248336 -7.0750880968426024 -0.0031194882242266916 9.3142537885830485 -5.7846129764026539 0 0.001953125
-6.039593053727125 6.134306715185545 -0.041003371158763388 -7.6879550448089216 -7.5680228391057422 0 0.001953125
5.702403575631724 3.8530232759329164 -0.020047586390432894 -6.7390468031126503 9.9787144814800737 0 0.001953125
-0.14044543272997542 -6.563813017205093 0.0027174524498943245 12.338788876867198 -0.25785732650044174 0 0.001953125
-0.55654876568629963 6.9919872632813815 0.0081570150119219878 -11.904532306802293 -0.9428410480074696 0 0.001953125
5.5756417849640183 -2.3409800952729674 0.0094385740358739166 4.9689828739469615 11.842978610062557 0 0.001953125
0.53162137772999662 9.5018346716756525 -0.034010449536602386 -10.234350049899264 0.57231285132541054 0 0.001953125
4.8677457158899857 4.7404268057061154 0.020368918320712595 -8.4533373367488132 8.6857236930118606 0 0.001953125
3.9886779677241178 -7.1509581982916677 -0.021003517347722704 9.6440510098562076 5.3812254284182526 0 0.001953125
5.2373558773850695 7.5422852363909625 0.014823222932506213 -8.5656043549260108 5.948049915400194 0 0.001953125
3.9273889548572583 8.2644730933067976 -0.0012641918481312759 -9.4370731028229855 4.484802750114488 0 0.001953125
-6.1801764446393239 -4.4477321844912545 -0.035407912409625146 6.7025681875552712 -9.3102312509489806 0 0.001953125
5.4867529701611764 -5.5249687871456556 -0.0089031675472061467 8.0320879444093585 7.979344396215871 0 0.001953125
3.2878381654896205 9.4203189559714176 0.0081358686189177427 -9.4485999959710778 3.2967814334943464 0 0.001953125
-3.2251258853278886 8.0775730467446962 0.01432590957918853 -9.9635661535084292 -3.9771328434097222 0 0.001953125
1.5818232049039267 -9.1415461461389995 -0.0045229223687869129 10.227480011185961 1.7698002004184867 0 0.001953125
9.4691694247637361 -1.6952650792435024 0.037296247332349874 1.794423107600452 10.023319865082735 0 0.001953125
-9.1768514934593757 -0.04256803626171874 0.024189544341987529 0.048366077936221843 -10.45214755104659 0 0.001953125
3.8481438667318408 4.9009914579173008 -0.0074145778426702681 -9.9521099728260012 7.8215282676968982 0 0.001953125
8.1558699162565205 0.71682969627069304 0.017754820370747167 -0.96629196002251416 10.995026770848376 0 0.001953125
0.72029492994261635 5.6668426988598091 0.047346612197028223 -13.122082947199351 1.6775637149414295 0 0.001953125
5.807280448645793 6.3366451805053643 0.048013890086899227 -7.944659185083971 7.2819980298388405 0 0.001953125
-4.3243201887752987 -8.8328059852109497 -0.031698221953238882 9.0611951726377491 -4.4368951642982388 0 0.001953125
5.7356687601704897 5.5196341918181657 -0.024161552711605215 -7.7636153212308896 8.0697491241502206 0 0.001953125
-7.5831186513218976 -0.30130506735497525 0.036124744735669824 0.45639500721996029 -11.484867665661822 0 0.001953125
-1.8133723208331818 -4.9424305366458317 -0.02745525120361738 12.948435892663817 -4.7386463886345336 0 0.001953125
-8.6043930631877394 -4.8046069255938946 -0.034061753264968422 4.9161224246912472 -8.8050588288071783 0 0.001953125
1.7674052780276672 5.4382429868776025 -0.013153078200152621 -12.568737291144672 4.0944125892444401 0 0.001953125
1.7595450158747272 -4.9955300195629873 0.0095074428041881966 12.950028754984011 4.5731555254009804 0 0.001953125
-1.4295706487530693 -6.4368085403462265 -0.0035581425979538568 12.02643734794187 -2.6649299987965134 0 0.001953125
-0.38629120172220621 -5.4562129426872898 -0.017262315442816249 13.488833682214567 -0.94407607652745906 0 0.001953125
5.2186720079231366 5.6406543269506129 -0.017853536475789175 -8.3647706414252241 7.7418979513383928 0 0.001953125
5.6798675633716185 5.5996391780746233 -0.018806651542994164 -7.8527974272949859 7.9675472219567895 0 0.001953125
6.243525737986058 -3.0594245016916086 -0.022985965649150016 5.2688039314683603 10.757296326126353 0 0.001953125
-4.3028059881244127 3.2214474764281382 0.056042596999225099 -8.1893519369054442 -10.926929473537905 0 0.001953125
-1.8258317169447145 5.4833422822319333 0.0064395518469624264 -12.488864104221946 -4.1491792287900351 0 0.001953125
-7.3265822417001392 0.52598344234073902 0.021170751427442021 -0.83692137704044567 -11.653069341376707 0 0.001953125
-2.8372101826431182 -4.6404862631731927 -0.013225161635649541 11.581305005814109 -7.0697188463279943 0 0.001953125
8.4479709960709641 -2.4206933809639044 -0.005647141862327669 2.9343831779445249 10.24187503766459 0 0.001953125
-1.4531293973198562 6.1999871106914393 -0.018837074466935319 -12.206277948953701 -2.8539899830042126 0 0.001953125
6.1390736310679817 -3.1412963666421305 -0.067290933305656497 5.4767033227645552 10.708325346817377 0 0.001953125
7.288490675473378 1.1491835099289638 -0.035448456853873107 -1.8102947084722667 11.484793761597254 0 0.001953125
-7.0611939119777993 -2.5490846925949153 -0.046263691932186317 3.9247096983776362 -10.868555002831737 0 0.001953125
-3.3469521481559168 -3.7383314206615719 -0.057242819381466636 10.534236808681902 -9.4175969398095312 0 0.001953125
4.5388127611918447 3.56826299504913 -0.030882199290129017 -8.1206348024144948 10.338778787950845 0 0.001953125
6.0136864501666647 7.3108331127914239 0.032125667051864322 -7.9314265655188159 6.5238431628454023 0 0.001953125
-4.3841558423599594 2.437741442586927 -0.0021091291252853077 -6.8757214427585529 -12.352122264295572 0 0.001953125
7.7581739698934253 -1.6728104349557755 0.031265869125352903 2.3623414684194204 10.958873684449244 0 0.001953125
-6.4762893091844829 -4.4579153361799824 0.0092763394898454365 6.4024127080388 -9.2987001955147139 0 0.001953125
6.4449447229216803 -2.8879938467082593 0.018565745710202537 4.8582383880694628 10.846484156008898 0 0.001953125
2.5285893375448505 -7.1353518415005075 -0.023520649815290826 10.827120870063473 3.8401314075860173 0 0.001953125
-8.9569517067639772 1.8603094855296922 0.012100548922140323 -2.1289862298047146 -10.249744792740721 0 0.001953125
2.0257752068324626 -9.1625068018896805 0.017219630919182202 10.076541852480148 2.2277871005262884 0 0.001953125
6.6229064019941735 0.74639894423649011 -0.01541440723851877 -1.3693528554349483 12.156019510153497 0 0.001953125
5.4198055460298526 4.4414669253522021 0.012990284332727713 -7.5620582543536932 9.2324604527751468 0 0.001953125
3.1371849232833586 -5.7699533718953706 0.013156469031694377 10.830776102993941 5.8949531122339645 0 0.001953125
2.2562628659412378 -7.4740080954019428 -0.014737040460928519 10.829431081464572 3.27192402600883 0 0.001953125
0.94247991888639049 8.6800463967222754 -0.029067435739451322 -10.638217093284588 1.1559928317273733 0 0.001953125
-6.3770266166355496 -1.2467684044496554 -0.030601433230133257 2.384632015448739 -12.19068905166653 0 0.001953125
-5.5566461029048639 -4.3608273783558698 0.0011644136153600975 7.3554228579385992 -9.3678677708915696 0 0.001953125
6.5548553218856362 -7.1906592732926136 0.0071770217870564239 7.4855918789195171 6.8232552073567332 0 0.001953125
-4.2755553951136331 -3.2295533201642801 -0.020811370694124309 8.2486151992426127 -10.90855882130478 0 0.001953125
-6.589970920995853 4.0294842808683757 -0.00033359139952398112 -5.9435943486238054 -9.7173498651033352 0 0.001953125
-6.2355155064644538 6.2918079437569379 0.013265200970785688 -7.5540671259987873 -7.4856660087840288 0 0.001953125
-5.3901855938679484 2.7050119214381598 0.014456542933956075 -5.7859914715702123 -11.521340465106723 0 0.001953125
-3.096176182520296 -4.3606437803973561 0.037798778070385765 11.163729736754382 -7.9148912479088382 0 0.001953125
3.9940438582488369 -4.3986026592827301 0.030926295872274634 9.591310014268517 8.7177062219958774 0 0.001953125
-9.295081186767101 2.7682160018737485 -0.026030510751590054 -2.9018716964971558 -9.7439469826412566 0 0.001953125
0.060783201557020314 5.0686372314403041 0.04109143030577412 -14.044401726916471 0.18172608479524663 0 0.001953125
0.51554450828408405 6.233110429991612 -0.014272637546569317 -12.599923384743105 1.0494390144208259 0 0.001953125
-0.13896847556544994 -5.2275941739153895 0.025123595378684242 13.823757430317315 -0.35519436740352872 0 0.001953125
2.335756080842188 -5.2728096384302283 0.00070144071860077416 12.029108494535752 5.3380327816440412 0 0.001953125
6.6648008343266083 5.1948036297762261 -0.011301959394100638 -6.6802579296071212 8.571864030763928 0 0.001953125
5.9928590204282726 2.6670272040592358 -0.046190646427049772 -5.0118163817750165 11.267745787419262 0 0.001953125
-6.8291983842031199 -4.6001370074767838 -0.0052873376880851518 6.1640282033027916 -9.1492077675983339 0 0.001953125
5.0443044797771028 6.6136510814660197 -0.039982805815316678 -8.7108470947784973 6.6454268218841568 0 0.001953125
4.2501585066360228 -8.4007933218495801 0.023184255963392859 9.190563570418151 4.6496355745741704 0 0.001953125
-1.8715312250346892 4.67805227791367 0.036921591495804755 -13.091853724068121 -5.2241232234237138 0 0.001953125
5.8269086757587996 7.4133819566930255 -0.020920999665093705 -8.0903850870676663 6.3587630873333323 0 0.001953125
7.4230880658916405 -4.0263455950665454 0.0065510436303053317 5.1817028616078291 9.5547199005850842 0 0.001953125
3.0793948524734143 5.2607030486476942 -0.019133012982875834 -11.0428794666785 6.4719576876500895 0 0.001953125
-1.9794094608327046 8.8930467496067962 -0.01671034318609619 -10.229678015913986 -2.2765878815834224 0 0.001953125
5.367319341855012 7.7633499711347973 0.01836414266395784 -8.4609623211639988 5.849355862244578 0 0.001953125
4.9580522407909386 4.4055665596633453 -0.0019616814787617601 -8.1450663873790496 9.1723869403768497 0 0.001953125
9.5972447217289787 1.2840149699758423 0.042492976115598845 -1.3461038662120608 10.059830187123113 0 0.001953125
7.2176897324267584 2.6218450879987474 -0.013054036900249474 -3.8905310081546327 10.713038201868615 0 0.001953125
3.8141101073311092 7.459899154811156 0.02398518337918578 -9.7211803997596782 4.9717405980164378 0 0.001953125
9.3802220693606362 3.2726792347467271 0.0014371103912681027 -3.3013510314529957 9.4611791544698729 0 0.001953125
-6.0753421365836049 -3.9117535429933912 0.018896225310929382 6.3773752208956562 -9.9006278958496381 0 0.001953125
-3.9185298932997936 -8.407893578397994 -0.012177166365925116 9.4157668049519518 -4.388251105096133 0 0.001953125
-5.4952498472102871 4.3325992866611918 -0.0022371958714660148 -7.4114032100923728 -9.3953964479109757 0 0.001953125
-3.8265821545306333 8.3881957852580999 -0.0038856969151498163 -9.4805695299942059 -4.3247126413034076 0 0.001953125
-8.3745277010651957 -0.23786914775645307 -0.021899652803821126 0.31054291503955833 -10.934962955927773 0 0.001953125
4.5323093718619578 -4.5399188795075975 0.01555381343186737 8.823899629149599 8.8157894620654602 0 0.001953125
4.4355535785324287 -6.0253628611201284 0.015258000206782659 9.3011092776630484 6.8504912971966752 0 0.001953125
6.7202282185343662 1.8851533584509796 0.013840642439962721 -3.227629388613638 11.510566540936006 0 0.001953125
2.3097590146442828 5.0484992215457787 0.037425916415264666 -12.193520550006365 5.5891801759182718 0 0.001953125
0.42613323395627795 5.2010080699503529 0.035235395098231141 -13.79442131589289 1.1425751134333664 0 0.001953125
0.019453086774250013 7.1405198402287224 -0.010371842178904831 -11.834272377077658 0.036610492614942071 0 0.001953125
-4.6424429748069063 -2.2246635213403256 0.0083280830281780086 6.0356349254411024 -12.582179134006852 0 0.001953125
-5.2972833487767161 3.0718261876920776 -0.016588242164131767 -6.4215246369443681 -11.065916296740674 0 0.001953125
8.4787356095785853 2.7137410035069798 -0.00041434202981256078 -3.2267298715164627 10.081766326515059 0 0.001953125
-6.2026441856731722 6.303583991338356 -0.015991961160648067 -7.5870922440446558 -7.4647613242017359 0 0.001953125
-8.8745958809686609 -1.3330659716561555 0.039503532795724834 1.5700114469622444 -10.45224086233361 0 0.001953125
5.5993051993793701 4.1647873354315665 0.008094228825897623 -7.1345750825232113 9.5967650834752778 0 0.001953125
4.787851217256553 -8.2914936323293187 -0.0064489531352870007 8.8443379072430215 5.1067917929885134 0 0.001953125
7.8903781455191604 2.6745566167186632 0.02884223936373298 -3.512355141495509 10.363347579310721 0 0.001953125
5.2191612974887764 -2.6697970699973785 -0.055263610177561741 5.9369807541441375 11.615015448137967 0 0.001953125
4.8506659715972296 3.4889767244770722 -0.051350789804308697 -7.5417698366397836 10.49363473525438 0 0.001953125
4.8584943139235897 -7.3004961442182719 0.018897741447817903 8.8828602604412943 5.9124682970888252 0 0.001953125
5.0368591248516665 -3.5382237750501409 0.00051348627025775439 7.3146712051955278 10.420497458445734 0 0.001953125
7.866863973907483 -1.0162868626816566 0.0052629325738425695 1.4362870223684252 11.121048411865653 0 0.001953125
3.1930332480870089 -9.4410719284621329 -0.034158127515640166 9.4848266805553632 3.2070111779210171 0 0.001953125
0.91827429903924296 -4.9438084800445763 -0.0015790677039356023 13.858362023679691 2.5876284783058772 0 0.001953125
-3.2114609887975369 -3.9975515677565086 0.049089510327357103 10.902512205191684 -8.7455822396078702 0 0.001953125
1.7991045979710711 -9.8088251839508747 0.019606765562220123 9.8469887003667971 1.8052571714574572 0 0.001953125
5.4966783587938783 6.208688165273303 0.0032444386958938561 -8.2145704841233762 7.2741317438692619 0 0.001953125
-5.7330222241282103 -1.3199566445389328 -0.011974572685299889 2.9310474773246624 -12.721547441105955 0 0.001953125
-9.5768541255541706 -0.85726995150424012 -0.010862546229411294 0.9102522281022114 -10.170581519108442 0 0.001953125
5.9607209974056632 -7.443161799504983 -0.054228172162676891 7.9866745716259118 6.3957676375955854 0 0.001953125
-7.8640086135335601 1.8705653188081155 0.0054427855903525675 -2.5776549425618951 -10.834175771940783 0 0.001953125
-6.3598927090999782 5.5937131423286157 0.020138852779369901 -7.18394755946189 -8.1664537909668198 0 0.001953125
-4.3214090326728014 -5.1848217257299618 -0.040388708111941833 9.3605088366598306 -7.7961993398611567 0 0.001953125
-0.56205597820353348 5.3369869269433217 -0.017533647240346846 -13.57906331703901 -1.4185768548480675 0 0.001953125
5.3188531850778782 6.4201752071926768 -0.029934840738511999 -8.4261227878551672 6.982222633111415 0 0.001953125
-6.8052521736573031 0.95108698909266809 -0.025132004802895534 -1.6726901271184873 -11.963044971339285 0 0.001953125
-7.5026357788059812 4.3131768132800214 0.00033881573787105843 -5.3641583802340387 -9.3295517858499828 0 0.001953125
1.0156365342032843 9.3098313407342239 -0.053108278807388311 -10.271350694924896 1.1204429453086808 0 0.001953125
-3.4638188402950854 3.7974354416876865 0.014358536026250153 -10.321609672183964 -9.4020246971824442 0 0.001953125
-5.5828054161243292 6.2130483885529868 0.017848151815665611 -8.1467376208278761 -7.3186644255361131 0 0.001953125
-3.0528615705630275 5.7512183714729472 -0.0072757896335992594 -10.955895449328191 -5.809241655101185 0 0.001953125
-6.9224324354188775 6.5371477867983394 -0.063015937682289982 -7.0430118291535697 -7.4582597132145132 0 0.001953125
-2.6146778945432176 -6.1015229846349328 -0.025908690582736191 11.289143842887407 -4.8318153735173812 0 0.001953125
-2.4507662315626479 8.0525080131395832 0.029824323419890969 -10.432124526702209 -3.1735011646812095 0 0.001953125
7.7302310564568124 -2.5757150394222488 -0.070448081950890751 3.4969727730711724 10.497343775530483 0 0.001953125
6.3903666395787457 -3.7110806663594409 -0.0096863102375144283 5.8334916740382416 10.048884137919604 0 0.001953125
-8.6530204175414038 1.0420424987464216 -0.030498244394357922 -1.282552797354154 -10.648363020587835 0 0.001953125
-4.2210089910153661 7.8540142277934049 0.019116032606944465 -9.3345990934022698 -5.0160556740938933 0 0.001953125
-8.022278300349571 -1.8142685558995144 -0.01787607373626298 2.4356077021599272 -10.768258450280577 0 0.001953125
5.2443268421337432 -7.368347759326741 0.0091006255857138414 8.5599780290266771 6.092930679050963 0 0.001953125
-5.7177437987556194 -8.133463547153795 0.01313828554655088 8.2100062409804551 -5.7724758477812896 0 0.001953125
2.5098903514227673 -7.0783951559208083 0.044907421060574056 10.869467274783192 3.857563420464567 0 0.001953125
-7.8146354927005399 -1.627913713469892 -0.006071773524560703 2.2858762721949049 -10.971180426236991 0 0.001953125
-3.425554868910198 -3.7755428193480314 0.008402884307888837 10.388684981378669 -9.4124330939058662 0 0.001953125
-2.1933547369297552 8.9402919611696774 -0.038124611910862347 -10.125919981151405 -2.4840396414590771 0 0.001953125
-0.76633803603871575 -7.9649304494282847 0.028762114149667152 11.128941660332407 -1.068484835722221 0 0.001953125
2.1887153360298774 7.1255401924873061 -0.020010946134460562 -11.066972174749351 3.4028991682701633 0 0.001953125
-1.9326272563556492 -5.3244619051993674 -0.015017079034870087 12.498192021675129 -4.526565292838562 0 0.001953125
6.130041016185281 -7.3516301452982233 -0.0015544198039067155 7.8435393116624201 6.5399518815909534 0 0.001953125
4.9797774623208522 5.4542482789734335 -0.040070333566172692 -8.5839819673845543 7.8408963854540739 0 0.001953125
-6.5781112823332757 -5.7468294131974709 0.0047210257905470031 7.046623057128417 -8.0651321586489626 0 0.001953125
4.966400861238637 3.3851232061461052 0.023188431890448821 -7.252890103476358 10.649183872154502 0 0.001953125
-1.5058655489861106 -9.7401296977814287 0.0063251206547558425 9.9560878632550835 -1.5399999080084275 0 0.001953125
5.3346435895370741 3.1368568010990536 -0.040720664037144576 -6.4325903633034658 10.947006547273238 0 0.001953125
5.808598658667619 -2.4762692164876898 -0.0040934572909179373 4.9263907540561478 11.562912943229719 0 0.001953125
6.1375835232955778 7.1872891753768071 0.01755249764181082 -7.8159378540112083 6.6741088533727364 0 0.001953125
9.3377652943148188 -2.4696751644494115 -0.047947944081824144 2.5983890257090274 9.8244348913859572 0 0.001953125
2.0022674847440718 -6.0719180869785436 -0.027867375278119298 11.869756119180957 3.9209157403510977 0 0.001953125
-6.4630045186467964 -4.3089612568177484 0.020915365169361551 6.3019962936343683 -9.449661271115458 0 0.001953125
1.812728544025263 -8.757549677353925 0.0057541609222557166 10.351646195244685 2.1432714706233305 0 0.001953125
2.65819423052129 -9.1523934765507597 0.0093010646204924 9.8329902642131888 2.855594797846134 0 0.001953125
6.8851902495373913 -2.4314444540186568 0.045489145257906344 3.890657142309494 11.021359701144833 0 0.001953125
-0.17777894555264936 7.9843438007265704 0.010715594529978618 -11.187811347375821 -0.24678997204704656 0 0.001953125
-7.5872440070422913 -4.814859670877965 0.015448975328153038 5.658559890387159 -8.9164215905036208 0 0.001953125
7.3804340785156599 5.0246613347801672 0.066770413247781712 -5.9493234407396818 8.7390239135970091 0 0.001953125
-6.827016280404675 -6.100961866989965 -0.0063433388849387148 6.9704314764200657 -7.7998506685410751 0 0.001953125
3.8985151243000362 7.2447154841611772 -0.020945294023138827 -9.7020929071806385 5.2226433433029431 0 0.001953125
-5.2685227272692554 -2.2743520182278791 0.0096966850235018723 5.2419566779665656 -12.133315378891369 0 0.001953125
-8.6607263625311557 -4.2341006483957697 0.0099765508020459252 4.4780948224252732 -9.1605145918897826 0 0.001953125
-9.274787398152089 2.0113549938199262 -0.014166109731331653 -2.1783498270986179 -10.044493465200087 0 0.001953125
-9.1268478213491999 -1.3053732981414199 -0.02680815042154764 1.4763219171391408 -10.322766848892071 0 0.001953125
0.48999315932929022 -5.6780428960109344 0.056747885619575507 13.194312163836154 1.1483317753138751 0 0.001953125
1.9257283400005183 -6.0488689760044565 0.0071728618270241254 11.952288545345695 3.8120804128100665 0 0.001953125
-8.9843170468888616 0.44304696468473392 -0.019305359467728336 -0.52012254434320082 -10.544490474461982 0 0.001953125
-4.1989078491820235 -3.028398068114126 0.021900032624313517 8.1450982242988381 -11.280499654528416 0 0.001953125
9.0020203349883836 -4.1545001728492545 -0.00372685372170981 4.2035736645411736 9.1078379662023981 0 0.001953125
5.3215978219066429 4.9882166095430902 -0.0073202610906222291 -7.9981040384227082 8.5365234490226634 0 0.001953125
6.5786910350628158 5.9636571667615792 0.013058596865185885 -7.1204943258102089 7.8553629432938488 0 0.001953125
8.1444097691679858 5.010687483823216 -0.033295281638468698 -5.3530225240534586 8.7002802609645187 0 0.001953125
-4.0506424301229513 -6.1848882386216211 0.0078174551652528627 9.7375278155509903 -6.373692623320462 0 0.001953125
-6.1083933516461544 3.4236413791399802 0.04682564526061736 -5.8515990740820163 -10.435443798194807 0 0.001953125
1.271506499079198 -8.3075990597460319 0.010656216622256322 10.779779505356819 1.6513811499560105 0 0.001953125
-3.941138178017153 -7.2871730223333859 -0.010403527527263061 9.6701317451142206 -5.2282497351432271 0 0.001953125
-3.7515133127535094 6.4554998475208656 -0.013675856943382497 -10.01437250057095 -5.8161400264230725 0 0.001953125
6.7162547824099894 -4.9915809220444505 -0.011256724266304181 6.5130963017694308 8.7651512141174859 0 0.001953125
0.75928378789647677 -9.7243140335104989 -0.0073472918838709735 10.093295891970543 0.78750548397579512 0 0.001953125
-1.0052808006085796 7.6863853229408576 -0.010443388251633247 -11.264535887372325 -1.4704159876408229 0 0.001953125
-4.1536683281175275 4.7508461825101067 0.021909561094187721 -9.4889617120676846 -8.2891033545796056 0 0.001953125
-2.8836229220222291 6.7099284877837242 -0.044328452512901032 -10.757980032772261 -4.6193305703989704 0 0.001953125
4.0429145063341974 6.1765325231275767 0.020551776327626906 -9.7297370100326628 6.3723737501993769 0 0.001953125
3.5272251274071533 4.7261417656635647 -0.010490388061240476 -10.423354677154629 7.787966596755588 0 0.001953125
5.6077059957795132 -2.3829230524712282 0.0084254697097078599 5.0010995395254261 11.776924589478281 0 0.001953125
-8.0887902616129637 3.3232863178567702 -0.029172922687698041 -4.0691546389870838 -9.9030558079467976 0 0.001953125
-5.2866073811241794 4.7538016932164489 0.032217551738559454 -7.9400884054131158 -8.8254848507186203 0 0.001953125
-1.2592304884339536 -9.7493227132000406 0.030142649071620377 10.004050273477903 -1.2928424031766113 0 0.001953125
-6.2247181063868169 -2.1498588327307058 0.022991538211075392 4.0296400113988344 -11.66140269057515 0 0.001953125
5.2335493444458461 -2.2236616436725707 -0.038867094327514937 5.1756482850277754 12.190922638787312 0 0.001953125
1.7005360314484308 -8.8651753872243226 0.019729801843974874 10.333831381758428 1.9827043484005513 0 0.001953125
-9.4714217059800845 1.2337402731061291 0.0091231522582162754 -1.3234423687304733 -10.159408286714321 0 0.001953125
-4.8371997261900006 4.7475050525475035 -0.041130006110990644 -8.5192104198219294 -8.674660681558553 0 0.001953125
6.3065594098033104 -0.53152203782149532 -0.0016056595269468344 1.0536518715847876 12.508747229763019 0 0.001953125
-1.2633401544959735 -6.1118761843131004 0.0081151372931551162 12.400444834272241 -2.5558519553213017 0 0.001953125
7.6277583776566553 -2.4176699049216501 0.012903656912902324 3.3727322501365733 10.643517796472501 0 0.001953125
5.6952008749231489 5.2541286124460616 0.003433309241044946 -7.69445109956109 8.3431235132582611 0 0.001953125
3.9292082959026975 -5.3809646702958229 0.0062825604885080452 9.8831111880761249 7.2225277514736357 0 0.001953125
-3.4791415036211668 -4.0420609568732848 0.035842059873650939 10.393223807829409 -8.9340439198114794 0 0.001953125
5.6255934715470346 5.4199300342738495 0.029652622815090547 -7.841547827921409 8.1417013900771664 0 0.001953125
-8.3787895418999625 -5.1844797571581571 -0.072674598777245025 5.3061836765357624 -8.5764100456506025 0 0.001953125
-3.3685656798424288 -7.9147716521798586 -0.0089341888036184973 9.9260666592027498 -4.2234913990783953 0 0.001953125
7.8527840373443842 0.60898560281830461 -0.0051145006212752293 -0.86995377871939816 11.219427761442486 0 0.001953125
-5.5427166908934131 1.6338611361852389 -0.044800689250850727 -3.7269684719536276 -12.634114806153526 0 0.001953125
3.0159211453391932 -5.8980446522895527 0.0013563515231313572 10.929820531776009 5.5948359234544487 0 0.001953125
-1.9377502044837951 6.5867999119598464 0.030220719377586219 -11.583819294905329 -3.402613922271605 0 0.001953125
-8.7772082959239821 2.337150451576675 -0.028162421422441207 -2.7034320336877382 -10.151995069720753 0 0.001953125
-8.9155480930530722 3.3778983113044658 0.0074117985345703609 -3.6329837433557519 -9.5887778085883824 0 0.001953125
-3.0926550932457615 9.1165006344948818 -0.023893811865087392 -9.6559041027316361 -3.2760259681462407 0 0.001953125
8.6568802390842716 -4.8745064449963662 -0.017796025524668371 4.9171003773791702 8.731932678568878 0 0.001953125
1.9326324535435842 -9.7421144101294708 0.035936615921574433 9.8397103717887457 1.9511972360189791 0 0.001953125
7.5368867493250455 6.2889526831264444 -0.014562170435472073 -6.4606328991511326 7.7417894770558355 0 0.001953125
5.5034298326500908 -0.10256854080940961 0.01055708729258917 0.25066265808684385 13.457413561845017 0 0.001953125
4.3046658745889941 -4.0907398431432576 -0.04777867783420113 8.9258529960429431 9.4011919123564613 0 0.001953125
-1.47043579688524 6.7600382960352841 0.045559714102195559 -11.75272667546464 -2.5514091574241555 0 0.001953125
4.2253922942847968 -6.9673330256963864 0.014068086224986027 9.4646406048469895 5.7419301563487863 0 0.001953125
4.4495845264970786 3.5219317183659355 -0.0055607209989329892 -8.2251133229052886 10.401411728935566 0 0.001953125
9.3958045222031181 -0.052766845085725565 0.013390437817320923 0.057737703015637312 10.302906790997806 0 0.001953125
-4.273729918946831 -7.2841294193084059 -0.036243710656371705 9.3918666299558566 -5.5090171839258559 0 0.001953125
-4.766374447579544 -6.5600073039602806 0.028565043611139984 8.9915894155797478 -6.5311085761993377 0 0.001953125
5.1463021221549878 3.2912227497257978 -0.0090978443200872023 -6.8819901041104323 10.768845708103498 0 0.001953125
5.2844344834530022 -3.9978745913492868 -0.0060999628088873152 7.4007966371763869 9.7884125661878265 0 0.001953125
5.9759354821972277 1.1026930672992468 -0.013289615306813558 -2.3232301660723871 12.598539670074599 0 0.001953125
0.53502637767979266 9.4128933693898951 -0.015514510001316066 -10.281796138962166 0.58424439954655372 0 0.001953125
5.1574872379847969 6.4912480413090172 0.01636854035803377 -8.5912993548721346 6.8276566957042082 0 0.001953125
1.4904734025448163 -8.8253550917479942 0.0053994463199291253 10.41982341678923 1.7603209093212222 0 0.001953125
2.1886379840143046 6.5099046289877771 0.015295478602399553 -11.431409394872832 3.8484032334366338 0 0.001953125
6.1452915359259519 -3.8703550624929566 -0.0012180921698157336 6.2445047192106902 9.9190377958642557 0 0.001953125
-4.1411183327805725 -6.1870847342230437 0.011831770344253079 9.6396116638707259 -6.4484207273601806 0 0.001953125
8.8146726473067343 2.0400244817819253 -0.011469443530802407 -2.3675010111122265 10.229538637484278 0 0.001953125
9.0930751810296382 0.31075114512110558 0.054745071102562264 -0.35771188106533908 10.464102949297416 0 0.001953125
6.0244698742348106 2.0299205818583412 -0.040196485343438913 -3.9975785028683788 11.871000196862557 0 0.001953125
-7.699437301025851 -6.0378781338280838 0.030525208156398163 6.2442149044137407 -7.9633537594734243 0 0.001953125
1.8467324059743004 -5.5324114308147134 0.033199461335347819 12.41171719675291 4.152125187690717 0 0.001953125
0.68204329925076324 9.5778643473684539 -0.022302195081816294 -10.178697792683417 0.72441931029579509 0 0.001953125
3.3272359189624643 -4.626500093119394 0.054733615331222889 10.740890550807769 7.7341896181409773 0 0.001953125
6.2599721625656555 2.3565529259820939 0.023889032140956508 -4.3005541290326299 11.429677201721061 0 0.001953125
2.9529309732855702 -8.9283980262626272 0.023280250237896344 9.786131327195168 3.2365214910115783 0 0.001953125
5.5663890624097521 -2.7179255517099805 -0.00029767025702952992 5.5649485018013491 11.404671814914492 0 0.001953125
1.0283157715172353 -7.4122631969248367 -0.0064288788881433582 11.447290079874461 1.5915749151667993 0 0.001953125
-2.4622789214831466 -7.2604521065228464 -0.0062334456086666507 10.820844379164006 -3.6667289234508917 0 0.001953125
3.4508387838954673 -5.6061771296769054 0.0087650399753114831 10.485459086727353 6.4603358769130805 0 0.001953125
8.5588809455938133 2.208421776143334 0.034031431943170959 -2.6540469834689482 10.286217576568916 0 0.001953125
2.8042201999806871 8.996874701864785 0.0035346305138590434 -9.8311036915462484 3.0640409519915015 0 0.001953125
6.7254760468738271 6.7271758982069949 -0.023784315511108704 -7.2446510975116558 7.2424071931948406 0 0.001953125
-7.107902206195793 -0.20204984533632045 0.019612451626948045 0.33748379250483818 -11.869560877943739 0 0.001953125
-0.25138992646264435 -8.0468897212059947 0.022030543727193361 11.139665878511558 -0.34583279141743145 0 0.001953125
-4.5293292254037594 -4.8152885306094113 0.015368263278518207 8.9696542821961316 -8.4309886595766681 0 0.001953125
3.9001938263861078 -5.2994512342907933 0.017639247730448122 9.9177222191457872 7.3051695575902995 0 0.001953125
3.4085951081996559 5.042033509734658 -0.0077714281866216499 -10.60775889138405 7.1791831662885874 0 0.001953125
-0.95085493405362009 -9.7267637885549973 -0.024222954110940935 10.068248112089686 -0.98487200864426105 0 0.001953125
3.3445147064742908 8.964486152126069 -0.022703060698695945 -9.57439089183279 3.571655398380555 0 0.001953125
-1.1950934631098402 9.0495938721053708 -0.041884806144122898 -10.378659153950004 -1.3703202984718146 0 0.001953125
-1.9994474825493793 -7.7367180782183258 0.004925490355972297 10.83453329332016 -2.7977476444064564 0 0.001953125
7.7922690541281101 -0.9750792850129435 -0.0030844445133412879 1.3989267192902601 11.182633341444525 0 0.001953125
-6.1571981080396094 -5.1881794398101606 -0.011997917545919166 7.1890898975651707 -8.529738659426668 0 0.001953125
7.6002957807035818 2.712341975305987 -0.074888695541303188 -3.7364066045051949 10.471724297666784 0 0.001953125
-5.659113823320812 -5.0651822866049665 -0.03218116167503067 7.661537900746616 -8.55678056473079 0 0.001953125
5.6901773308835768 1.5532331854699841 0.027022791352402722 -3.4220219056830476 12.545201834062379 0 0.001953125
4.3721864405428157 -3.9035273899830898 -0.017613874934254724 8.6856274906335589 9.7373252978414051 0 0.001953125
-2.4751769748394654 -9.5041769148255764 0.0080165670087445889 9.7675622339213408 -2.5444863657178236 0 0.001953125
3.6238936819980836 6.9255548795804742 -0.035765360682057858 -10.014890374213431 5.2430661227530839 0 0.001953125
8.2283717822234266 5.3529078917982673 0.034969412126304333 -5.4983935253190088 8.4511184607190604 0 0.001953125
2.4680056634506511 5.5802344206898749 -0.0045989164340433574 -11.698879916044653 5.1820347016381909 0 0.001953125
8.087542442751559 -1.0211716134677198 0.0062527849794119326 1.3853345732378537 10.974334704589817 0 0.001953125
-6.1634626540698152 1.6400577154573461 0.057146269864365676 -3.2257660327465114 -12.115786381760152 0 0.001953125
1.4013911920557773 -6.4807940176587353 0.036912777582058645 11.998236974578278 2.6004019599713168 0 0.001953125
-3.4256448359272311 -3.9462534475987492 -0.0086623654648528923 10.461879832279234 -9.0692857594108709 0 0.001953125
-5.2397275968897459 -2.5593148560424885 -0.015828729554435428 5.7579208328868763 -11.77910645777183 0 0.001953125
5.9205915082328477 7.6561853897199939 -0.0091368502206647419 -8.0351184915999081 6.2130161699675268 0 0.001953125
6.6010086965590284 -2.3313214497973438 0.011749231279236945 3.9736008501350097 11.255906019850116 0 0.001953125
-2.6720044291903462 7.969629343010495 -0.0036288282889482253 -10.346468570946538 -3.4673734971863941 0 0.001953125
-6.8347652644895103 -3.6428961319496413 -0.010879328557763239 5.3517843574276132 -10.038244987875064 0 0.001953125
-2.3103896081356905 -7.0520277687649795 0.035681306335049609 11.036638157488024 -3.6122207939477957 0 0.001953125
-4.7742864941558461 -6.4940342372599131 -0.0038534722271223697 8.9818902309234172 -6.6012027934013284 0 0.001953125
5.8101736581564589 -2.2783563963660303 0.056491502393256537 4.612765828804732 11.770613568566763 0 0.001953125
5.923383027078696 7.9978634020071713 0.0012703391611278785 -8.0496302677726845 5.9607701029919289 0 0.001953125
-9.288939396774591 -0.48739531298470906 0.043634734922941738 0.54387478667189482 -10.367632630643737 0 0.001953125
-7.4035611020796441 5.0919991195473679 0.0079347606350892233 -5.9849211284503925 -8.7011650723896867 0 0.001953125
-7.6621820455576852 1.2534463335601025 0.023075789398559747 -1.8350891858086105 -11.214419705469711 0 0.001953125
4.4142630072417131 4.1122077078672286 -0.019113501220619555 -8.7630786269174052 9.4149391456481162 0 0.001953125
6.446615130192745 7.2380584398784835 -0.022342205497361746 -7.578954459874252 6.7495937282617353 0 0.001953125
-1.2564003960136412 7.0033868529651215 0.010494423942698242 -11.672625198530227 -2.0896027120232477 0 0.001953125
-1.8151876398007112 5.0491075346148664 0.023715606128956436 -12.856975297174852 -4.610688548315224 0 0.001953125
-6.4090027460671521 3.1158554468449404 8.1876173351244207e-06 -5.1873987952583844 -10.665428161961954 0 0.001953125
-7.0578992576998196 -5.9060958909650214 -0.033158058309768881 6.6961317016258732 -8.001980118678242 0 0.001953125
-5.6226473751066601 -6.3385709411061555 -0.03500468408990963 8.1344935516942201 -7.2144442299304536 0 0.001953125
-7.6761197581074114 4.7449379405257446 -0.036676634987332479 -5.5413855315287952 -8.9639436701265698 0 0.001953125
-7.7325615044111631 4.985526262190171 -0.045188777756160974 -5.6557313850345992 -8.7716914392139547 0 0.001953125
1.2837532386824593 6.2633504031303255 0.0017389090535007406 -12.247249019106624 2.5169885058585413 0 0.001953125
-8.2613363996806992 -5.1151951701852427 0.027127873110024188 5.3459212885616472 -8.6347253879519403 0 0.001953125
-3.1179381051744501 6.9411436851619355 -0.0013336196057966664 -10.464260881143121 -4.6973102803036033 0 0.001953125
8.313397634602179 1.9184592496025712 -0.057508593866122761 -2.4311237129600936 10.535762736190318 0 0.001953125
-4.3801838638986501 2.4613036853769419 -0.0057672364410401656 -6.9254877400737307 -12.311265198855407 0 0.001953125
-9.8516638858409191 1.6142484130439068 -0.0050681998484916248 -1.6204277215016107 -9.8894171653751943 0 0.001953125
1.0287627688952168 6.7077618860260584 0.051401743822959541 -11.995875263370493 1.8452117978889901 0 0.001953125
-4.8989694207849261 -2.3943154947250007 -0.037426672755665358 5.9581409220039463 -12.17969487713408 0 0.001953125
-7.0645544517033834 -3.0942210182874499 -0.01076516499765634 4.5747644695216465 -10.442082614003883 0 0.001953125
-1.7571465517110549 -5.6228410451724189 0.041648092080937657 12.442834258093962 -3.8795702654907962 0 0.001953125
-3.6181077896963139 -4.8363745411857 0.010251233600987255 10.315057078429161 -7.7085341844630584 0 0.001953125
-4.9042834340457029 -6.960317058423791 0.01308460190523417 8.8659024436186353 -6.2457489301104907 0 0.001953125
-2.9906995364900406 6.7509238153200011 0.0018663859929205083 -10.64750695688976 -4.7131549475046608 0 0.001953125
2.2529677315817449 -9.4352726997699286 0.0072503635337551678 9.8723459150070401 2.3568320844005748 0 0.001953125
-6.6726449058012944 -2.1257924404019457 0.018442013324286952 3.6331784925806412 -11.39952643472806 0 0.001953125
-8.1073603674484147 3.7236037901743635 -0.02123538290499561 -4.424324994309063 -9.6321826648561117 0 0.001953125
-5.4313245456381694 -5.4926143872474684 0.020953239540028548 8.0990508526331588 -8.0058466869162785 0 0.001953125
-5.5371304427198309 6.6277495258962897 -0.035323300354814929 -8.2654896323807208 -6.9042087750345242 0 0.001953125
-8.3464745369755811 -0.66873241347299195 0.0072109743881120063 0.8739475837132139 -10.907417095466252 0 0.001953125
-0.65676254484306362 -7.7482834030173668 0.0034702991494817322 11.300711041722522 -0.95510617138828091 0 0.001953125
7.4081763689892455 -6.4228402830776483 -0.016405552137479146 6.6092315517688949 7.6226450063866302 0 0.001953125
6.2544906787438448 -3.3887390988923585 -0.0015653568158176157 5.6396629943778134 10.413468117757969 0 0.001953125
-6.1945175630559381 -0.14110797069822398 -0.016561728749315274 0.28987735663795905 -12.717726925660024 0 0.001953125
-8.6470410158933841 -1.1064051977109268 -0.027790758104220055 1.3610732834527071 -10.637272486827197 0 0.001953125
2.8909410622021325 -8.9467434962580672 -0.0098385934730175571 9.8091765077917987 3.1695271308617605 0 0.001953125
-2.0934669737111551 4.8653093222738208 -0.028597940816967989 -12.63320258565604 -5.4239961419577361 0 0.001953125
3.9910830077336286 -6.5366567641929727 0.0070717116696547566 9.7442205824988459 5.9526011075157585 0 0.001953125
-9.5898844378644696 0.35299086867183127 -0.029750362286485539 -0.37609190219648064 -10.214378079722893 0 0.001953125
6.7200165994786785 5.9963702945909603 0.016801200642099841 -7.0087586467917129 7.8549030458886087 0 0.001953125
8.9567360930364917 4.3611718077100186 -0.030535201630896951 -4.3815004653406735 8.9973397041777616 0 0.001953125
4.3919801949176369 -6.7449411970193784 -0.015155597822201605 9.3327437110183347 6.0792632292585678 0 0.001953125
7.9919769190604573 0.00013160038165282433 0.99900177506732357 -0.00026846037227189971 8.900702797273464 0 1
